NUISANCE_PARAMETERS
l1ptsys\_l1pt0 & $0^{+ 0.993466}_{-0.993466}$ \\
l1ptsys\_l1pt1 & $0^{+ 1}_{-1}$ \\
l1ptsys\_l1pt2 & $0^{+ 1}_{-1}$ \\
l1ptsys\_l1pt3 & $0^{+ 1}_{-1}$ \\
l1ptsys\_l1pt4 & $0^{+ 1}_{-1}$ \\
B0\_0j\_l1pt0\_bin\_0 & $1^{+ 0.415342}_{-0.415342}$ \\
B0\_0j\_l1pt0\_bin\_1 & $1^{+ 0.209195}_{-0.209195}$ \\
B0\_0j\_l1pt0\_bin\_10 & $1^{+ 0.719843}_{-0.719843}$ \\
B0\_0j\_l1pt0\_bin\_11 & $1^{+ 0.796691}_{-0.796691}$ \\
B0\_0j\_l1pt0\_bin\_12 & $1^{+ 1.09161}_{-1.09161}$ \\
B0\_0j\_l1pt0\_bin\_13 & $1^{+ 1.05741}_{-1.05741}$ \\
B0\_0j\_l1pt0\_bin\_14 & $1^{+ 1.1818}_{-1.1818}$ \\
B0\_0j\_l1pt0\_bin\_15 & $1^{+ 0.641909}_{-0.641909}$ \\
B0\_0j\_l1pt0\_bin\_16 & $1^{+ 0.779641}_{-0.779641}$ \\
B0\_0j\_l1pt0\_bin\_17 & $1^{+ 0.901404}_{-0.901404}$ \\
B0\_0j\_l1pt0\_bin\_18 & $1^{+ 1.2074}_{-1.2074}$ \\
B0\_0j\_l1pt0\_bin\_2 & $1^{+ 0.341031}_{-0.341031}$ \\
B0\_0j\_l1pt0\_bin\_3 & $1^{+ 0.442344}_{-0.442344}$ \\
B0\_0j\_l1pt0\_bin\_4 & $1^{+ 0.408952}_{-0.408952}$ \\
B0\_0j\_l1pt0\_bin\_5 & $1^{+ 0.484263}_{-0.484263}$ \\
B0\_0j\_l1pt0\_bin\_6 & $1^{+ 0.560974}_{-0.560974}$ \\
B0\_0j\_l1pt0\_bin\_7 & $1^{+ 0.587581}_{-0.587581}$ \\
B0\_0j\_l1pt0\_bin\_8 & $1^{+ 0.551707}_{-0.551707}$ \\
B0\_0j\_l1pt0\_bin\_9 & $1^{+ 0.823448}_{-0.823448}$ \\
B0\_0j\_l1pt1\_bin\_0 & $0.826196^{+ 0.434381}_{-0.434381}$ \\
B0\_0j\_l1pt1\_bin\_1 & $0.892283^{+ 0.147629}_{-0.147629}$ \\
B0\_0j\_l1pt1\_bin\_10 & $1.54799^{+ 0.776928}_{-0.776928}$ \\
B0\_0j\_l1pt1\_bin\_11 & $1.15156^{+ 0.689254}_{-0.689254}$ \\
B0\_0j\_l1pt1\_bin\_12 & $0.560127^{+ 0.440714}_{-0.440714}$ \\
B0\_0j\_l1pt1\_bin\_13 & $1.58788^{+ 0.984012}_{-0.984012}$ \\
B0\_0j\_l1pt1\_bin\_14 & $2.30904^{+ 1.39835}_{-1.39835}$ \\
B0\_0j\_l1pt1\_bin\_15 & $0.767742^{+ 0.391432}_{-0.391432}$ \\
B0\_0j\_l1pt1\_bin\_16 & $1.94579^{+ 0.97361}_{-0.97361}$ \\
B0\_0j\_l1pt1\_bin\_17 & $0.728574^{+ 0.554642}_{-0.554642}$ \\
B0\_0j\_l1pt1\_bin\_18 & $0.801202^{+ 0.794371}_{-0.794371}$ \\
B0\_0j\_l1pt1\_bin\_2 & $1.26582^{+ 0.318672}_{-0.318672}$ \\
B0\_0j\_l1pt1\_bin\_3 & $1.2385^{+ 0.393158}_{-0.393158}$ \\
B0\_0j\_l1pt1\_bin\_4 & $0.688921^{+ 0.25917}_{-0.25917}$ \\
B0\_0j\_l1pt1\_bin\_5 & $0.773284^{+ 0.287603}_{-0.287603}$ \\
B0\_0j\_l1pt1\_bin\_6 & $1.02533^{+ 0.427425}_{-0.427425}$ \\
B0\_0j\_l1pt1\_bin\_7 & $3.15479^{+ 1.37186}_{-1.37186}$ \\
B0\_0j\_l1pt1\_bin\_8 & $1.73189^{+ 0.557702}_{-0.557702}$ \\
B0\_0j\_l1pt1\_bin\_9 & $2.45102^{+ 1.00676}_{-1.00676}$ \\
B0\_0j\_l1pt2\_bin\_0 & $1^{+ 1}_{-1}$ \\
B0\_0j\_l1pt2\_bin\_1 & $1^{+ 1}_{-1}$ \\
B0\_0j\_l1pt2\_bin\_10 & $1^{+ 1}_{-1}$ \\
B0\_0j\_l1pt2\_bin\_11 & $1^{+ 1}_{-1}$ \\
B0\_0j\_l1pt2\_bin\_12 & $1^{+ 1}_{-1}$ \\
B0\_0j\_l1pt2\_bin\_13 & $1^{+ 1}_{-1}$ \\
B0\_0j\_l1pt2\_bin\_14 & $1^{+ 1}_{-1}$ \\
B0\_0j\_l1pt2\_bin\_15 & $1^{+ 1}_{-1}$ \\
B0\_0j\_l1pt2\_bin\_16 & $1^{+ 1}_{-1}$ \\
B0\_0j\_l1pt2\_bin\_17 & $1^{+ 1}_{-1}$ \\
B0\_0j\_l1pt2\_bin\_18 & $1^{+ 1}_{-1}$ \\
B0\_0j\_l1pt2\_bin\_2 & $1^{+ 1}_{-1}$ \\
B0\_0j\_l1pt2\_bin\_3 & $1^{+ 1}_{-1}$ \\
B0\_0j\_l1pt2\_bin\_4 & $1^{+ 1}_{-1}$ \\
B0\_0j\_l1pt2\_bin\_5 & $1^{+ 1}_{-1}$ \\
B0\_0j\_l1pt2\_bin\_6 & $1^{+ 1}_{-1}$ \\
B0\_0j\_l1pt2\_bin\_7 & $1^{+ 1}_{-1}$ \\
B0\_0j\_l1pt2\_bin\_8 & $1^{+ 1}_{-1}$ \\
B0\_0j\_l1pt2\_bin\_9 & $1^{+ 1}_{-1}$ \\
B0\_0j\_l1pt3\_bin\_0 & $1^{+ 1}_{-1}$ \\
B0\_0j\_l1pt3\_bin\_1 & $1^{+ 1}_{-1}$ \\
B0\_0j\_l1pt3\_bin\_10 & $1^{+ 1}_{-1}$ \\
B0\_0j\_l1pt3\_bin\_11 & $1^{+ 1}_{-1}$ \\
B0\_0j\_l1pt3\_bin\_12 & $1^{+ 1}_{-1}$ \\
B0\_0j\_l1pt3\_bin\_13 & $1^{+ 1}_{-1}$ \\
B0\_0j\_l1pt3\_bin\_14 & $1^{+ 1}_{-1}$ \\
B0\_0j\_l1pt3\_bin\_15 & $1^{+ 1}_{-1}$ \\
B0\_0j\_l1pt3\_bin\_16 & $1^{+ 1}_{-1}$ \\
B0\_0j\_l1pt3\_bin\_17 & $1^{+ 1}_{-1}$ \\
B0\_0j\_l1pt3\_bin\_18 & $1^{+ 1}_{-1}$ \\
B0\_0j\_l1pt3\_bin\_2 & $1^{+ 1}_{-1}$ \\
B0\_0j\_l1pt3\_bin\_3 & $1^{+ 1}_{-1}$ \\
B0\_0j\_l1pt3\_bin\_4 & $1^{+ 1}_{-1}$ \\
B0\_0j\_l1pt3\_bin\_5 & $1^{+ 1}_{-1}$ \\
B0\_0j\_l1pt3\_bin\_6 & $1^{+ 1}_{-1}$ \\
B0\_0j\_l1pt3\_bin\_7 & $1^{+ 1}_{-1}$ \\
B0\_0j\_l1pt3\_bin\_8 & $1^{+ 1}_{-1}$ \\
B0\_0j\_l1pt3\_bin\_9 & $1^{+ 1}_{-1}$ \\
B0\_0j\_l1pt4\_bin\_0 & $1^{+ 1}_{-1}$ \\
B0\_0j\_l1pt4\_bin\_1 & $1^{+ 1}_{-1}$ \\
B0\_0j\_l1pt4\_bin\_10 & $1^{+ 1}_{-1}$ \\
B0\_0j\_l1pt4\_bin\_11 & $1^{+ 1}_{-1}$ \\
B0\_0j\_l1pt4\_bin\_12 & $1^{+ 1}_{-1}$ \\
B0\_0j\_l1pt4\_bin\_13 & $1^{+ 1}_{-1}$ \\
B0\_0j\_l1pt4\_bin\_14 & $1^{+ 1}_{-1}$ \\
B0\_0j\_l1pt4\_bin\_15 & $1^{+ 1}_{-1}$ \\
B0\_0j\_l1pt4\_bin\_16 & $1^{+ 1}_{-1}$ \\
B0\_0j\_l1pt4\_bin\_17 & $1^{+ 1}_{-1}$ \\
B0\_0j\_l1pt4\_bin\_18 & $1^{+ 1}_{-1}$ \\
B0\_0j\_l1pt4\_bin\_2 & $1^{+ 1}_{-1}$ \\
B0\_0j\_l1pt4\_bin\_3 & $1^{+ 1}_{-1}$ \\
B0\_0j\_l1pt4\_bin\_4 & $1^{+ 1}_{-1}$ \\
B0\_0j\_l1pt4\_bin\_5 & $1^{+ 1}_{-1}$ \\
B0\_0j\_l1pt4\_bin\_6 & $1^{+ 1}_{-1}$ \\
B0\_0j\_l1pt4\_bin\_7 & $1^{+ 1}_{-1}$ \\
B0\_0j\_l1pt4\_bin\_8 & $1^{+ 1}_{-1}$ \\
B0\_0j\_l1pt4\_bin\_9 & $1^{+ 1}_{-1}$ \\


CORRELATION_MATRIX
19   19
-2.29372e-08   2.36919e-15   1.58582e-15   1.14812e-08   -1.14704e-08   -1.14747e-08   -3.44421e-08   -1.148e-08   2.29421e-08   3.86542e-16   1.18126e-15   2.29406e-08   -1.14642e-08   2.29359e-08   1.15381e-08   1.14822e-08   -1.14694e-08   2.29511e-08   1   
-1.14721e-08   1.1467e-08   9.21894e-16   3.4454e-08   1.57978e-15   1.71618e-15   -5.21141e-16   2.29669e-08   -1.14745e-08   -2.2949e-08   1.97478e-15   2.29476e-08   2.10558e-15   1.57782e-15   -1.15416e-08   -2.29713e-08   1.32018e-16   1   2.29511e-08   
-3.43979e-08   1.14609e-08   1.15035e-08   1.14785e-08   3.94521e-15   -2.29441e-08   -3.44342e-08   -2.29546e-08   3.44052e-08   1.14684e-08   2.29154e-08   3.4403e-08   -3.43848e-08   2.29307e-08   -1.15354e-08   1.14796e-08   1   1.32018e-16   -1.14694e-08   
-2.29575e-08   1.14737e-08   1.15164e-08   1.14913e-08   2.63423e-15   1.14849e-08   -2.29817e-08   -1.14901e-08   1.14812e-08   -3.44435e-08   -1.14705e-08   2.29609e-08   -2.29487e-08   1.14781e-08   4.50584e-15   1   1.14796e-08   -2.29713e-08   1.14822e-08   
-2.30692e-08   1.15295e-08   1.15724e-08   -1.15472e-08   3.44185e-15   -3.46222e-08   -5.77337e-08   -1.1546e-08   1.1537e-08   -4.61481e-08   -1.15263e-08   2.30726e-08   6.74857e-15   1.15339e-08   1   4.50584e-15   -1.15354e-08   -1.15416e-08   1.15381e-08   
-2.10823e-15   3.43785e-08   1.58317e-15   2.29542e-08   1.14663e-08   -5.18835e-18   -6.06221e-15   9.18108e-16   4.60385e-15   -1.06149e-15   4.58249e-08   1.14662e-08   2.29203e-08   1   1.15339e-08   1.14781e-08   2.29307e-08   1.57782e-15   2.29359e-08   
-2.29216e-08   3.43673e-08   -1.14983e-08   1.14734e-08   3.81424e-15   -2.29338e-08   -5.73644e-08   2.3673e-15   2.10406e-15   -2.29264e-08   -1.14525e-08   1.14625e-08   1   2.29203e-08   6.74857e-15   -2.29487e-08   -3.43848e-08   2.10558e-15   -1.14642e-08   
-2.29337e-08   4.58473e-08   3.3004e-15   2.29589e-08   1.14686e-08   3.84965e-16   -6.99452e-15   2.29564e-08   5.73465e-08   2.29386e-08   3.43757e-08   1   1.14625e-08   1.14662e-08   2.30726e-08   2.29609e-08   3.4403e-08   2.29476e-08   2.29406e-08   
1.14569e-08   4.58074e-08   1.14944e-08   1.14694e-08   2.29173e-08   1.1463e-08   -1.1469e-08   1.14682e-08   5.6477e-15   1.14593e-08   1   3.43757e-08   -1.14525e-08   4.58249e-08   -1.15263e-08   -1.14705e-08   2.29154e-08   1.97478e-15   1.18126e-15   
-3.44027e-08   1.14626e-08   -1.15052e-08   -3.44405e-08   -2.29387e-08   -2.29474e-08   8.33056e-15   -2.29579e-08   2.54096e-16   1   1.14593e-08   2.29386e-08   -2.29264e-08   -1.06149e-15   -4.61481e-08   -3.44435e-08   1.14684e-08   -2.2949e-08   3.86542e-16   
-2.63257e-15   4.58503e-08   2.2446e-15   2.29603e-08   2.29387e-08   2.58552e-16   -2.29594e-08   1.31371e-15   1   2.54096e-16   5.6477e-15   5.73465e-08   2.10406e-15   4.60385e-15   1.1537e-08   1.14812e-08   3.44052e-08   -1.14745e-08   2.29421e-08   
6.57434e-16   2.29429e-08   1.15141e-08   1.14891e-08   1.14783e-08   1.14826e-08   5.33165e-16   1   1.31371e-15   -2.29579e-08   1.14682e-08   2.29564e-08   2.3673e-15   9.18108e-16   -1.1546e-08   -1.14901e-08   -2.29546e-08   2.29669e-08   -1.148e-08   
-4.59089e-08   -1.14722e-08   -2.30297e-08   -4.59593e-08   -2.2958e-08   -1.14833e-08   1   5.33165e-16   -2.29594e-08   8.33056e-15   -1.1469e-08   -6.99452e-15   -5.73644e-08   -6.06221e-15   -5.77337e-08   -2.29817e-08   -3.44342e-08   -5.21141e-16   -3.44421e-08   
-3.44137e-08   2.29324e-08   3.45265e-08   1.14838e-08   3.15752e-15   1   -1.14833e-08   1.14826e-08   2.58552e-16   -2.29474e-08   1.1463e-08   3.84965e-16   -2.29338e-08   -5.18835e-18   -3.46222e-08   1.14849e-08   -2.29441e-08   1.71618e-15   -1.14747e-08   
-3.44007e-08   2.29238e-08   3.29816e-15   1.14795e-08   1   3.15752e-15   -2.2958e-08   1.14783e-08   2.29387e-08   -2.29387e-08   2.29173e-08   1.14686e-08   3.81424e-15   1.14663e-08   3.44185e-15   2.63423e-15   3.94521e-15   1.57978e-15   -1.14704e-08   
9.27178e-16   1.14727e-08   2.37794e-15   1   1.14795e-08   1.14838e-08   -4.59593e-08   1.14891e-08   2.29603e-08   -3.44405e-08   1.14694e-08   2.29589e-08   1.14734e-08   2.29542e-08   -1.15472e-08   1.14913e-08   1.14785e-08   3.4454e-08   1.14812e-08   
-4.60108e-08   2.29953e-08   1   2.37794e-15   3.29816e-15   3.45265e-08   -2.30297e-08   1.15141e-08   2.2446e-15   -1.15052e-08   1.14944e-08   3.3004e-15   -1.14983e-08   1.58317e-15   1.15724e-08   1.15164e-08   1.15035e-08   9.21894e-16   1.58582e-15   
1.14601e-08   1   2.29953e-08   1.14727e-08   2.29238e-08   2.29324e-08   -1.14722e-08   2.29429e-08   4.58503e-08   1.14626e-08   4.58074e-08   4.58473e-08   3.43673e-08   3.43785e-08   1.15295e-08   1.14737e-08   1.14609e-08   1.1467e-08   2.36919e-15   
1   1.14601e-08   -4.60108e-08   9.27178e-16   -3.44007e-08   -3.44137e-08   -4.59089e-08   6.57434e-16   -2.63257e-15   -3.44027e-08   1.14569e-08   -2.29337e-08   -2.29216e-08   -2.10823e-15   -2.30692e-08   -2.29575e-08   -3.43979e-08   -1.14721e-08   -2.29372e-08   

