NUISANCE_PARAMETERS
l1ptsys\_l1pt0 & $0^{+ 0.993466}_{-0.993466}$ \\
l1ptsys\_l1pt1 & $0^{+ 0.993447}_{-0.993447}$ \\
l1ptsys\_l1pt2 & $0^{+ 0.993691}_{-0.993691}$ \\
l1ptsys\_l1pt3 & $0^{+ 0.993349}_{-0.993349}$ \\
l1ptsys\_l1pt4 & $0^{+ 1}_{-1}$ \\
B0\_0j\_l1pt0\_bin\_0 & $1^{+ 0.415342}_{-0.415342}$ \\
B0\_0j\_l1pt0\_bin\_1 & $1^{+ 0.209195}_{-0.209195}$ \\
B0\_0j\_l1pt0\_bin\_10 & $1^{+ 0.719843}_{-0.719843}$ \\
B0\_0j\_l1pt0\_bin\_11 & $1^{+ 0.796691}_{-0.796691}$ \\
B0\_0j\_l1pt0\_bin\_12 & $1^{+ 1.09161}_{-1.09161}$ \\
B0\_0j\_l1pt0\_bin\_13 & $1^{+ 1.05741}_{-1.05741}$ \\
B0\_0j\_l1pt0\_bin\_14 & $1^{+ 1.1818}_{-1.1818}$ \\
B0\_0j\_l1pt0\_bin\_15 & $1^{+ 0.641909}_{-0.641909}$ \\
B0\_0j\_l1pt0\_bin\_16 & $1^{+ 0.779641}_{-0.779641}$ \\
B0\_0j\_l1pt0\_bin\_17 & $1^{+ 0.901404}_{-0.901404}$ \\
B0\_0j\_l1pt0\_bin\_18 & $1^{+ 1.2074}_{-1.2074}$ \\
B0\_0j\_l1pt0\_bin\_2 & $1^{+ 0.341031}_{-0.341031}$ \\
B0\_0j\_l1pt0\_bin\_3 & $1^{+ 0.442344}_{-0.442344}$ \\
B0\_0j\_l1pt0\_bin\_4 & $1^{+ 0.408952}_{-0.408952}$ \\
B0\_0j\_l1pt0\_bin\_5 & $1^{+ 0.484263}_{-0.484263}$ \\
B0\_0j\_l1pt0\_bin\_6 & $1^{+ 0.560974}_{-0.560974}$ \\
B0\_0j\_l1pt0\_bin\_7 & $1^{+ 0.587581}_{-0.587581}$ \\
B0\_0j\_l1pt0\_bin\_8 & $1^{+ 0.551707}_{-0.551707}$ \\
B0\_0j\_l1pt0\_bin\_9 & $1^{+ 0.823448}_{-0.823448}$ \\
B0\_0j\_l1pt1\_bin\_0 & $1^{+ 0.441223}_{-0.441223}$ \\
B0\_0j\_l1pt1\_bin\_1 & $1^{+ 0.168347}_{-0.168347}$ \\
B0\_0j\_l1pt1\_bin\_10 & $1^{+ 0.571276}_{-0.571276}$ \\
B0\_0j\_l1pt1\_bin\_11 & $1^{+ 0.58715}_{-0.58715}$ \\
B0\_0j\_l1pt1\_bin\_12 & $1^{+ 0.539063}_{-0.539063}$ \\
B0\_0j\_l1pt1\_bin\_13 & $1^{+ 0.71105}_{-0.71105}$ \\
B0\_0j\_l1pt1\_bin\_14 & $1^{+ 0.835348}_{-0.835348}$ \\
B0\_0j\_l1pt1\_bin\_15 & $1^{+ 0.41379}_{-0.41379}$ \\
B0\_0j\_l1pt1\_bin\_16 & $1^{+ 0.636632}_{-0.636632}$ \\
B0\_0j\_l1pt1\_bin\_17 & $1^{+ 0.594056}_{-0.594056}$ \\
B0\_0j\_l1pt1\_bin\_18 & $1^{+ 0.806731}_{-0.806731}$ \\
B0\_0j\_l1pt1\_bin\_2 & $1^{+ 0.271728}_{-0.271728}$ \\
B0\_0j\_l1pt1\_bin\_3 & $1^{+ 0.331935}_{-0.331935}$ \\
B0\_0j\_l1pt1\_bin\_4 & $1^{+ 0.2966}_{-0.2966}$ \\
B0\_0j\_l1pt1\_bin\_5 & $1^{+ 0.309323}_{-0.309323}$ \\
B0\_0j\_l1pt1\_bin\_6 & $1^{+ 0.392009}_{-0.392009}$ \\
B0\_0j\_l1pt1\_bin\_7 & $1^{+ 0.703695}_{-0.703695}$ \\
B0\_0j\_l1pt1\_bin\_8 & $1^{+ 0.393456}_{-0.393456}$ \\
B0\_0j\_l1pt1\_bin\_9 & $1^{+ 0.587397}_{-0.587397}$ \\
B0\_0j\_l1pt2\_bin\_0 & $1^{+ 0.550614}_{-0.550614}$ \\
B0\_0j\_l1pt2\_bin\_1 & $1^{+ 0.221664}_{-0.221664}$ \\
B0\_0j\_l1pt2\_bin\_10 & $1^{+ 0.634875}_{-0.634875}$ \\
B0\_0j\_l1pt2\_bin\_11 & $1^{+ 0.586649}_{-0.586649}$ \\
B0\_0j\_l1pt2\_bin\_12 & $1^{+ 0.687144}_{-0.687144}$ \\
B0\_0j\_l1pt2\_bin\_13 & $1^{+ 0.635704}_{-0.635704}$ \\
B0\_0j\_l1pt2\_bin\_14 & $1^{+ 0.796288}_{-0.796288}$ \\
B0\_0j\_l1pt2\_bin\_15 & $1^{+ 0.435658}_{-0.435658}$ \\
B0\_0j\_l1pt2\_bin\_16 & $1^{+ 0.682664}_{-0.682664}$ \\
B0\_0j\_l1pt2\_bin\_17 & $1^{+ 0.493389}_{-0.493389}$ \\
B0\_0j\_l1pt2\_bin\_18 & $1^{+ 0.92167}_{-0.92167}$ \\
B0\_0j\_l1pt2\_bin\_2 & $1^{+ 0.319091}_{-0.319091}$ \\
B0\_0j\_l1pt2\_bin\_3 & $1^{+ 0.374248}_{-0.374248}$ \\
B0\_0j\_l1pt2\_bin\_4 & $1^{+ 0.438743}_{-0.438743}$ \\
B0\_0j\_l1pt2\_bin\_5 & $1^{+ 0.405789}_{-0.405789}$ \\
B0\_0j\_l1pt2\_bin\_6 & $1^{+ 0.358676}_{-0.358676}$ \\
B0\_0j\_l1pt2\_bin\_7 & $1^{+ 0.667433}_{-0.667433}$ \\
B0\_0j\_l1pt2\_bin\_8 & $1^{+ 0.676059}_{-0.676059}$ \\
B0\_0j\_l1pt2\_bin\_9 & $1^{+ 0.665049}_{-0.665049}$ \\
B0\_0j\_l1pt3\_bin\_0 & $1^{+ 0.943416}_{-0.943416}$ \\
B0\_0j\_l1pt3\_bin\_1 & $1^{+ 0.339301}_{-0.339301}$ \\
B0\_0j\_l1pt3\_bin\_10 & $1^{+ 0.670447}_{-0.670447}$ \\
B0\_0j\_l1pt3\_bin\_11 & $1^{+ 0.629796}_{-0.629796}$ \\
B0\_0j\_l1pt3\_bin\_12 & $1^{+ 1.03463}_{-1.03463}$ \\
B0\_0j\_l1pt3\_bin\_13 & $1^{+ 0.869728}_{-0.869728}$ \\
B0\_0j\_l1pt3\_bin\_14 & $1^{+ 0.753418}_{-0.753418}$ \\
B0\_0j\_l1pt3\_bin\_15 & $1^{+ 0.546379}_{-0.546379}$ \\
B0\_0j\_l1pt3\_bin\_16 & $1^{+ 0.710761}_{-0.710761}$ \\
B0\_0j\_l1pt3\_bin\_17 & $1^{+ 0.714025}_{-0.714025}$ \\
B0\_0j\_l1pt3\_bin\_18 & $1^{+ 1.35428}_{-1.35428}$ \\
B0\_0j\_l1pt3\_bin\_2 & $1^{+ 0.387315}_{-0.387315}$ \\
B0\_0j\_l1pt3\_bin\_3 & $1^{+ 0.552456}_{-0.552456}$ \\
B0\_0j\_l1pt3\_bin\_4 & $1^{+ 0.807772}_{-0.807772}$ \\
B0\_0j\_l1pt3\_bin\_5 & $1^{+ 0.858154}_{-0.858154}$ \\
B0\_0j\_l1pt3\_bin\_6 & $1^{+ 0.809019}_{-0.809019}$ \\
B0\_0j\_l1pt3\_bin\_7 & $1^{+ 0.741071}_{-0.741071}$ \\
B0\_0j\_l1pt3\_bin\_8 & $1^{+ 0.696029}_{-0.696029}$ \\
B0\_0j\_l1pt3\_bin\_9 & $1^{+ 0.657094}_{-0.657094}$ \\
B0\_0j\_l1pt4\_bin\_0 & $0.578114^{+ 0.400636}_{-0.400636}$ \\
B0\_0j\_l1pt4\_bin\_1 & $1.40659^{+ 0.276561}_{-0.276561}$ \\
B0\_0j\_l1pt4\_bin\_10 & $0.906743^{+ 0.202676}_{-0.202676}$ \\
B0\_0j\_l1pt4\_bin\_11 & $1.54186^{+ 0.328932}_{-0.328932}$ \\
B0\_0j\_l1pt4\_bin\_12 & $1.12368^{+ 0.266019}_{-0.266019}$ \\
B0\_0j\_l1pt4\_bin\_13 & $0.904684^{+ 0.248821}_{-0.248821}$ \\
B0\_0j\_l1pt4\_bin\_14 & $1.10274^{+ 0.313269}_{-0.313269}$ \\
B0\_0j\_l1pt4\_bin\_15 & $1.00589^{+ 0.139435}_{-0.139435}$ \\
B0\_0j\_l1pt4\_bin\_16 & $1.11674^{+ 0.183002}_{-0.183002}$ \\
B0\_0j\_l1pt4\_bin\_17 & $1.06709^{+ 0.178687}_{-0.178687}$ \\
B0\_0j\_l1pt4\_bin\_18 & $1.1363^{+ 0.220862}_{-0.220862}$ \\
B0\_0j\_l1pt4\_bin\_2 & $1.25643^{+ 0.368434}_{-0.368434}$ \\
B0\_0j\_l1pt4\_bin\_3 & $1.54767^{+ 0.43234}_{-0.43234}$ \\
B0\_0j\_l1pt4\_bin\_4 & $1.34408^{+ 0.316086}_{-0.316086}$ \\
B0\_0j\_l1pt4\_bin\_5 & $1.10357^{+ 0.310752}_{-0.310752}$ \\
B0\_0j\_l1pt4\_bin\_6 & $1.69512^{+ 0.380079}_{-0.380079}$ \\
B0\_0j\_l1pt4\_bin\_7 & $1.06349^{+ 0.262453}_{-0.262453}$ \\
B0\_0j\_l1pt4\_bin\_8 & $1.30179^{+ 0.243575}_{-0.243575}$ \\
B0\_0j\_l1pt4\_bin\_9 & $1.34998^{+ 0.24519}_{-0.24519}$ \\


CORRELATION_MATRIX
19   19
2.04667e-14   -4.11129e-08   1.23344e-07   1.23573e-07   4.11123e-08   4.11166e-08   8.50406e-15   1.37025e-14   4.11108e-08   -4.11145e-08   4.11116e-08   -4.11186e-08   4.11124e-08   3.07402e-14   8.22226e-08   -8.22993e-08   5.63497e-14   4.11243e-08   1   
4.14821e-08   2.92849e-14   8.29592e-08   1.2467e-07   -4.14771e-08   -4.14814e-08   -4.15161e-08   1.55433e-14   1.24427e-07   8.63314e-15   8.29529e-08   -4.14835e-08   1.24431e-07   4.14866e-08   4.14761e-08   -8.30296e-08   4.14867e-08   1   4.11243e-08   
1.24439e-07   8.29505e-08   1.65908e-07   1.66216e-07   1.24424e-07   8.29578e-08   4.15136e-08   -1.02458e-14   8.29461e-08   -2.23924e-14   1.24422e-07   8.29619e-08   4.47486e-14   1.24452e-07   4.14736e-08   -5.85568e-14   1   4.14867e-08   5.63497e-14   
-4.15077e-08   4.15034e-08   -4.15052e-08   -4.15824e-08   -8.30055e-08   -1.24521e-07   4.15418e-08   -4.15009e-08   -2.92074e-14   -1.24515e-07   -8.30041e-08   -4.15091e-08   -4.15028e-08   -4.15122e-08   -4.15017e-08   1   -5.85568e-14   -8.30296e-08   -8.22993e-08   
3.26793e-14   8.29294e-08   1.244e-07   8.30872e-08   4.1464e-08   5.09122e-15   8.30062e-08   1.72379e-14   4.14625e-08   -8.29325e-08   8.29267e-08   -8.29409e-08   4.14641e-08   -4.14734e-08   1   -4.15017e-08   4.14736e-08   4.14761e-08   8.22226e-08   
-4.14794e-08   8.29504e-08   8.29539e-08   8.31081e-08   4.14745e-08   2.75425e-14   -4.15135e-08   -4.14727e-08   4.1473e-08   -4.14767e-08   8.29477e-08   -4.14809e-08   4.14746e-08   1   -4.14734e-08   -4.15122e-08   1.24452e-07   4.14866e-08   3.07402e-14   
2.408e-14   -4.14658e-08   8.29351e-08   4.15447e-08   8.29302e-08   -4.14694e-08   4.15041e-08   3.46016e-15   8.29271e-08   4.14673e-08   3.09526e-14   -8.55275e-15   1   4.14746e-08   4.14641e-08   -4.15028e-08   4.47486e-14   1.24431e-07   4.11124e-08   
1.20459e-14   -4.14721e-08   1.04578e-14   8.31019e-08   -8.29429e-08   1.55108e-14   4.15105e-08   -8.29393e-08   -1.6545e-15   4.14737e-08   4.14708e-08   1   -8.55275e-15   -4.14809e-08   -8.29409e-08   -4.15091e-08   8.29619e-08   -4.14835e-08   -4.11186e-08   
4.14693e-08   4.14651e-08   8.29337e-08   1.24632e-07   2.57984e-14   4.14687e-08   -2.73422e-17   -8.29251e-08   4.81638e-14   -1.69239e-15   1   4.14708e-08   3.09526e-14   8.29477e-08   8.29267e-08   -8.30041e-08   1.24422e-07   8.29529e-08   4.11116e-08   
-4.14722e-08   -4.1468e-08   4.14697e-08   -4.15468e-08   -4.14673e-08   3.10308e-14   -8.30126e-08   -4.14655e-08   -2.23564e-14   1   -1.69239e-15   4.14737e-08   4.14673e-08   -4.14767e-08   -8.29325e-08   -1.24515e-07   -2.23924e-14   8.63314e-15   -4.11145e-08   
8.29369e-08   4.14642e-08   8.2932e-08   8.30861e-08   4.14635e-08   -2.24123e-14   1.24508e-07   4.14617e-08   1   -2.23564e-14   4.81638e-14   -1.6545e-15   8.29271e-08   4.1473e-08   4.14625e-08   -2.92074e-14   8.29461e-08   1.24427e-07   4.11108e-08   
-4.14682e-08   4.14639e-08   -4.14657e-08   1.24628e-07   1.37815e-14   -4.14676e-08   1.69832e-15   1   4.14617e-08   -4.14655e-08   -8.29251e-08   -8.29393e-08   3.46016e-15   -4.14727e-08   1.72379e-14   -4.15009e-08   -1.02458e-14   1.55433e-14   1.37025e-14   
3.27039e-14   2.58118e-14   8.30131e-08   -4.15837e-08   -4.15041e-08   -1.24525e-07   1   1.69832e-15   1.24508e-07   -8.30126e-08   -2.73422e-17   4.15105e-08   4.15041e-08   -4.15135e-08   8.30062e-08   4.15418e-08   4.15136e-08   -4.15161e-08   8.50406e-15   
-8.29486e-08   1.0341e-14   4.14718e-08   2.57782e-14   -4.14693e-08   1   -1.24525e-07   -4.14676e-08   -2.24123e-14   3.10308e-14   4.14687e-08   1.55108e-14   -4.14694e-08   2.75425e-14   5.09122e-15   -1.24521e-07   8.29578e-08   -4.14814e-08   4.11166e-08   
4.147e-08   -8.29314e-08   3.60492e-14   4.15446e-08   1   -4.14693e-08   -4.15041e-08   1.37815e-14   4.14635e-08   -4.14673e-08   2.57984e-14   -8.29429e-08   8.29302e-08   4.14745e-08   4.1464e-08   -8.30055e-08   1.24424e-07   -4.14771e-08   4.11123e-08   
4.48094e-14   4.15453e-08   1.24641e-07   1   4.15446e-08   2.57782e-14   -4.15837e-08   1.24628e-07   8.30861e-08   -4.15468e-08   1.24632e-07   8.31019e-08   4.15447e-08   8.31081e-08   8.30872e-08   -4.15824e-08   1.66216e-07   1.2467e-07   1.23573e-07   
8.29449e-08   1.24405e-07   1   1.24641e-07   3.60492e-14   4.14718e-08   8.30131e-08   -4.14657e-08   8.2932e-08   4.14697e-08   8.29337e-08   1.04578e-14   8.29351e-08   8.29539e-08   1.244e-07   -4.15052e-08   1.65908e-07   8.29592e-08   1.23344e-07   
1.71971e-14   1   1.24405e-07   4.15453e-08   -8.29314e-08   1.0341e-14   2.58118e-14   4.14639e-08   4.14642e-08   -4.1468e-08   4.14651e-08   -4.14721e-08   -4.14658e-08   8.29504e-08   8.29294e-08   4.15034e-08   8.29505e-08   2.92849e-14   -4.11129e-08   
1   1.71971e-14   8.29449e-08   4.48094e-14   4.147e-08   -8.29486e-08   3.27039e-14   -4.14682e-08   8.29369e-08   -4.14722e-08   4.14693e-08   1.20459e-14   2.408e-14   -4.14794e-08   3.26793e-14   -4.15077e-08   1.24439e-07   4.14821e-08   2.04667e-14   

