NUISANCE_PARAMETERS
l1ptsys\_l1pt0 & $0^{+ 1}_{-1}$ \\
l1ptsys\_l1pt1 & $0^{+ 1}_{-1}$ \\
l1ptsys\_l1pt2 & $0^{+ 1}_{-1}$ \\
l1ptsys\_l1pt3 & $0^{+ 1}_{-1}$ \\
l1ptsys\_l1pt4 & $0^{+ 1}_{-1}$ \\
B0\_0j\_l1pt0\_bin\_0 & $0.790591^{+ 0.405325}_{-0.405325}$ \\
B0\_0j\_l1pt0\_bin\_1 & $0.790223^{+ 0.179805}_{-0.179805}$ \\
B0\_0j\_l1pt0\_bin\_10 & $1.59824^{+ 1.02422}_{-1.02422}$ \\
B0\_0j\_l1pt0\_bin\_11 & $1.96047^{+ 1.25901}_{-1.25901}$ \\
B0\_0j\_l1pt0\_bin\_12 & $1.42568^{+ 1.47634}_{-1.47634}$ \\
B0\_0j\_l1pt0\_bin\_13 & $0.812428^{+ 1.07932}_{-1.07932}$ \\
B0\_0j\_l1pt0\_bin\_14 & $1.36635^{+ 1.56572}_{-1.56572}$ \\
B0\_0j\_l1pt0\_bin\_15 & $0.996842^{+ 0.718885}_{-0.718885}$ \\
B0\_0j\_l1pt0\_bin\_16 & $0.910251^{+ 0.838569}_{-0.838569}$ \\
B0\_0j\_l1pt0\_bin\_17 & $1.04676^{+ 1.04209}_{-1.04209}$ \\
B0\_0j\_l1pt0\_bin\_18 & $1.90988^{+ 1.89355}_{-1.89355}$ \\
B0\_0j\_l1pt0\_bin\_2 & $1.32112^{+ 0.422165}_{-0.422165}$ \\
B0\_0j\_l1pt0\_bin\_3 & $0.849837^{+ 0.449687}_{-0.449687}$ \\
B0\_0j\_l1pt0\_bin\_4 & $1.17071^{+ 0.484975}_{-0.484975}$ \\
B0\_0j\_l1pt0\_bin\_5 & $0.935122^{+ 0.519241}_{-0.519241}$ \\
B0\_0j\_l1pt0\_bin\_6 & $0.852193^{+ 0.578215}_{-0.578215}$ \\
B0\_0j\_l1pt0\_bin\_7 & $2.40324^{+ 1.01907}_{-1.01907}$ \\
B0\_0j\_l1pt0\_bin\_8 & $2.00575^{+ 0.872474}_{-0.872474}$ \\
B0\_0j\_l1pt0\_bin\_9 & $2.68624^{+ 1.52138}_{-1.52138}$ \\
B0\_0j\_l1pt1\_bin\_0 & $1^{+ 1}_{-1}$ \\
B0\_0j\_l1pt1\_bin\_1 & $1^{+ 1}_{-1}$ \\
B0\_0j\_l1pt1\_bin\_10 & $1^{+ 1}_{-1}$ \\
B0\_0j\_l1pt1\_bin\_11 & $1^{+ 1}_{-1}$ \\
B0\_0j\_l1pt1\_bin\_12 & $1^{+ 1}_{-1}$ \\
B0\_0j\_l1pt1\_bin\_13 & $1^{+ 1}_{-1}$ \\
B0\_0j\_l1pt1\_bin\_14 & $1^{+ 1}_{-1}$ \\
B0\_0j\_l1pt1\_bin\_15 & $1^{+ 1}_{-1}$ \\
B0\_0j\_l1pt1\_bin\_16 & $1^{+ 1}_{-1}$ \\
B0\_0j\_l1pt1\_bin\_17 & $1^{+ 1}_{-1}$ \\
B0\_0j\_l1pt1\_bin\_18 & $1^{+ 1}_{-1}$ \\
B0\_0j\_l1pt1\_bin\_2 & $1^{+ 1}_{-1}$ \\
B0\_0j\_l1pt1\_bin\_3 & $1^{+ 1}_{-1}$ \\
B0\_0j\_l1pt1\_bin\_4 & $1^{+ 1}_{-1}$ \\
B0\_0j\_l1pt1\_bin\_5 & $1^{+ 1}_{-1}$ \\
B0\_0j\_l1pt1\_bin\_6 & $1^{+ 1}_{-1}$ \\
B0\_0j\_l1pt1\_bin\_7 & $1^{+ 1}_{-1}$ \\
B0\_0j\_l1pt1\_bin\_8 & $1^{+ 1}_{-1}$ \\
B0\_0j\_l1pt1\_bin\_9 & $1^{+ 1}_{-1}$ \\
B0\_0j\_l1pt2\_bin\_0 & $1^{+ 1}_{-1}$ \\
B0\_0j\_l1pt2\_bin\_1 & $1^{+ 1}_{-1}$ \\
B0\_0j\_l1pt2\_bin\_10 & $1^{+ 1}_{-1}$ \\
B0\_0j\_l1pt2\_bin\_11 & $1^{+ 1}_{-1}$ \\
B0\_0j\_l1pt2\_bin\_12 & $1^{+ 1}_{-1}$ \\
B0\_0j\_l1pt2\_bin\_13 & $1^{+ 1}_{-1}$ \\
B0\_0j\_l1pt2\_bin\_14 & $1^{+ 1}_{-1}$ \\
B0\_0j\_l1pt2\_bin\_15 & $1^{+ 1}_{-1}$ \\
B0\_0j\_l1pt2\_bin\_16 & $1^{+ 1}_{-1}$ \\
B0\_0j\_l1pt2\_bin\_17 & $1^{+ 1}_{-1}$ \\
B0\_0j\_l1pt2\_bin\_18 & $1^{+ 1}_{-1}$ \\
B0\_0j\_l1pt2\_bin\_2 & $1^{+ 1}_{-1}$ \\
B0\_0j\_l1pt2\_bin\_3 & $1^{+ 1}_{-1}$ \\
B0\_0j\_l1pt2\_bin\_4 & $1^{+ 1}_{-1}$ \\
B0\_0j\_l1pt2\_bin\_5 & $1^{+ 1}_{-1}$ \\
B0\_0j\_l1pt2\_bin\_6 & $1^{+ 1}_{-1}$ \\
B0\_0j\_l1pt2\_bin\_7 & $1^{+ 1}_{-1}$ \\
B0\_0j\_l1pt2\_bin\_8 & $1^{+ 1}_{-1}$ \\
B0\_0j\_l1pt2\_bin\_9 & $1^{+ 1}_{-1}$ \\
B0\_0j\_l1pt3\_bin\_0 & $1^{+ 1}_{-1}$ \\
B0\_0j\_l1pt3\_bin\_1 & $1^{+ 1}_{-1}$ \\
B0\_0j\_l1pt3\_bin\_10 & $1^{+ 1}_{-1}$ \\
B0\_0j\_l1pt3\_bin\_11 & $1^{+ 1}_{-1}$ \\
B0\_0j\_l1pt3\_bin\_12 & $1^{+ 1}_{-1}$ \\
B0\_0j\_l1pt3\_bin\_13 & $1^{+ 1}_{-1}$ \\
B0\_0j\_l1pt3\_bin\_14 & $1^{+ 1}_{-1}$ \\
B0\_0j\_l1pt3\_bin\_15 & $1^{+ 1}_{-1}$ \\
B0\_0j\_l1pt3\_bin\_16 & $1^{+ 1}_{-1}$ \\
B0\_0j\_l1pt3\_bin\_17 & $1^{+ 1}_{-1}$ \\
B0\_0j\_l1pt3\_bin\_18 & $1^{+ 1}_{-1}$ \\
B0\_0j\_l1pt3\_bin\_2 & $1^{+ 1}_{-1}$ \\
B0\_0j\_l1pt3\_bin\_3 & $1^{+ 1}_{-1}$ \\
B0\_0j\_l1pt3\_bin\_4 & $1^{+ 1}_{-1}$ \\
B0\_0j\_l1pt3\_bin\_5 & $1^{+ 1}_{-1}$ \\
B0\_0j\_l1pt3\_bin\_6 & $1^{+ 1}_{-1}$ \\
B0\_0j\_l1pt3\_bin\_7 & $1^{+ 1}_{-1}$ \\
B0\_0j\_l1pt3\_bin\_8 & $1^{+ 1}_{-1}$ \\
B0\_0j\_l1pt3\_bin\_9 & $1^{+ 1}_{-1}$ \\
B0\_0j\_l1pt4\_bin\_0 & $1^{+ 1}_{-1}$ \\
B0\_0j\_l1pt4\_bin\_1 & $1^{+ 1}_{-1}$ \\
B0\_0j\_l1pt4\_bin\_10 & $1^{+ 1}_{-1}$ \\
B0\_0j\_l1pt4\_bin\_11 & $1^{+ 1}_{-1}$ \\
B0\_0j\_l1pt4\_bin\_12 & $1^{+ 1}_{-1}$ \\
B0\_0j\_l1pt4\_bin\_13 & $1^{+ 1}_{-1}$ \\
B0\_0j\_l1pt4\_bin\_14 & $1^{+ 1}_{-1}$ \\
B0\_0j\_l1pt4\_bin\_15 & $1^{+ 1}_{-1}$ \\
B0\_0j\_l1pt4\_bin\_16 & $1^{+ 1}_{-1}$ \\
B0\_0j\_l1pt4\_bin\_17 & $1^{+ 1}_{-1}$ \\
B0\_0j\_l1pt4\_bin\_18 & $1^{+ 1}_{-1}$ \\
B0\_0j\_l1pt4\_bin\_2 & $1^{+ 1}_{-1}$ \\
B0\_0j\_l1pt4\_bin\_3 & $1^{+ 1}_{-1}$ \\
B0\_0j\_l1pt4\_bin\_4 & $1^{+ 1}_{-1}$ \\
B0\_0j\_l1pt4\_bin\_5 & $1^{+ 1}_{-1}$ \\
B0\_0j\_l1pt4\_bin\_6 & $1^{+ 1}_{-1}$ \\
B0\_0j\_l1pt4\_bin\_7 & $1^{+ 1}_{-1}$ \\
B0\_0j\_l1pt4\_bin\_8 & $1^{+ 1}_{-1}$ \\
B0\_0j\_l1pt4\_bin\_9 & $1^{+ 1}_{-1}$ \\


CORRELATION_MATRIX
19   19
9.34597e-08   3.70874e-08   1.86241e-08   3.70348e-08   2.77991e-08   2.77713e-08   1.85166e-08   1.84989e-08   4.6321e-08   4.29608e-15   9.26524e-09   2.77991e-08   2.77441e-08   1.84999e-08   1.84938e-08   1.85363e-08   1.84961e-08   9.24306e-09   1   
4.67292e-08   9.27174e-09   9.31191e-09   9.25857e-09   -2.77987e-08   9.25696e-09   -9.25816e-09   1.15554e-15   2.77922e-08   1.85286e-08   1.85302e-08   1.85325e-08   2.77437e-08   9.24981e-09   1.84935e-08   2.7804e-08   2.77438e-08   1   9.24306e-09   
2.80527e-08   9.27677e-09   2.79509e-08   9.2636e-09   -2.78138e-08   -9.26197e-09   -9.26318e-09   -1.85087e-08   -1.85382e-08   1.85387e-08   1.85403e-08   3.80614e-15   1.85058e-08   9.25483e-09   -1.85035e-08   9.27302e-09   1   2.77438e-08   1.84961e-08   
3.74847e-08   3.71875e-08   4.66858e-08   9.53079e-15   2.78741e-08   4.64103e-08   9.28327e-09   1.85488e-08   1.39439e-15   1.85789e-08   9.29024e-09   4.64568e-08   5.56379e-08   2.78247e-08   9.27184e-09   1   9.27302e-09   2.7804e-08   1.85363e-08   
2.80491e-08   -9.27557e-09   1.86315e-08   9.26241e-09   9.27009e-09   5.35849e-15   9.262e-09   -3.70126e-08   3.53664e-15   -1.85363e-08   4.32282e-15   3.54321e-15   3.70069e-08   9.25364e-09   1   9.27184e-09   -1.85035e-08   1.84935e-08   1.84938e-08   
3.74112e-08   9.27864e-09   1.86377e-08   5.55349e-15   -1.85463e-08   -9.26384e-09   -2.77951e-08   -2.77686e-08   -1.8542e-08   4.07828e-15   9.27201e-09   9.27313e-09   1.85096e-08   1   9.25364e-09   2.78247e-08   9.25483e-09   9.24981e-09   1.84999e-08   
6.54561e-08   2.78302e-08   4.65846e-08   3.70542e-08   9.27124e-09   2.77858e-08   3.70526e-08   1.85086e-08   1.85381e-08   4.96962e-15   2.78103e-08   1.85425e-08   1   1.85096e-08   3.70069e-08   5.56379e-08   1.85058e-08   2.77437e-08   2.77441e-08   
3.74776e-08   2.78853e-08   1.86708e-08   -9.28191e-09   4.16775e-15   2.78409e-08   9.28151e-09   -9.27264e-09   -1.85749e-08   3.74195e-15   4.86351e-15   1   1.85425e-08   9.27313e-09   3.54321e-15   4.64568e-08   3.80614e-15   1.85325e-08   2.77991e-08   
5.62096e-08   1.8588e-08   9.33426e-09   3.71232e-08   9.28849e-09   1.85583e-08   -2.78411e-08   -3.70861e-08   -9.28631e-09   9.28656e-09   1   4.86351e-15   2.78103e-08   9.27201e-09   4.32282e-15   9.29024e-09   1.85403e-08   1.85302e-08   9.26524e-09   
4.68373e-08   9.2932e-09   1.86669e-08   9.28e-09   -9.2877e-09   -9.27838e-09   2.53557e-15   -1.85415e-08   -1.8571e-08   1   9.28656e-09   3.74195e-15   4.96962e-15   4.07828e-15   -1.85363e-08   1.85789e-08   1.85387e-08   1.85286e-08   4.29608e-15   
3.74689e-08   -9.29295e-09   1.85686e-15   -2.78393e-08   -1.85749e-08   9.27815e-09   -9.27935e-09   -9.27049e-09   1   -1.8571e-08   -9.28631e-09   -1.85749e-08   1.85381e-08   -1.8542e-08   3.53664e-15   1.39439e-15   -1.85382e-08   2.77922e-08   4.6321e-08   
4.67615e-08   -9.27814e-09   -1.86367e-08   -9.26497e-09   -2.7818e-08   -9.26336e-09   -3.70583e-08   1   -9.27049e-09   -1.85415e-08   -3.70861e-08   -9.27264e-09   1.85086e-08   -2.77686e-08   -3.70126e-08   1.85488e-08   -1.85087e-08   1.15554e-15   1.84989e-08   
4.68062e-08   1.8574e-08   -9.32725e-09   5.04352e-15   -1.8563e-08   9.27222e-09   1   -3.70583e-08   -9.27935e-09   2.53557e-15   -2.78411e-08   9.28151e-09   3.70526e-08   -2.77951e-08   9.262e-09   9.28327e-09   -9.26318e-09   -9.25816e-09   1.85166e-08   
6.55202e-08   9.28581e-09   1.86521e-08   3.70905e-08   9.28032e-09   1   9.27222e-09   -9.26336e-09   9.27815e-09   -9.27838e-09   1.85583e-08   2.78409e-08   2.77858e-08   -9.26384e-09   5.35849e-15   4.64103e-08   -9.26197e-09   9.25696e-09   2.77713e-08   
3.74777e-08   9.29513e-09   1.86708e-08   9.28194e-09   1   9.28032e-09   -1.8563e-08   -2.7818e-08   -1.85749e-08   -9.2877e-09   9.28849e-09   4.16775e-15   9.27124e-09   -1.85463e-08   9.27009e-09   2.78741e-08   -2.78138e-08   -2.77987e-08   2.77991e-08   
7.48932e-08   9.28743e-09   2.7983e-08   1   9.28194e-09   3.70905e-08   5.04352e-15   -9.26497e-09   -2.78393e-08   9.28e-09   3.71232e-08   -9.28191e-09   3.70542e-08   5.55349e-15   9.26241e-09   9.53079e-15   9.2636e-09   9.25857e-09   3.70348e-08   
6.59091e-08   2.80228e-08   1   2.7983e-08   1.86708e-08   1.86521e-08   -9.32725e-09   -1.86367e-08   1.85686e-15   1.86669e-08   9.33426e-09   1.86708e-08   4.65846e-08   1.86377e-08   1.86315e-08   4.66858e-08   2.79509e-08   9.31191e-09   1.86241e-08   
4.68748e-08   1   2.80228e-08   9.28743e-09   9.29513e-09   9.28581e-09   1.8574e-08   -9.27814e-09   -9.29295e-09   9.2932e-09   1.8588e-08   2.78853e-08   2.78302e-08   9.27864e-09   -9.27557e-09   3.71875e-08   9.27677e-09   9.27174e-09   3.70874e-08   
1   4.68748e-08   6.59091e-08   7.48932e-08   3.74777e-08   6.55202e-08   4.68062e-08   4.67615e-08   3.74689e-08   4.68373e-08   5.62096e-08   3.74776e-08   6.54561e-08   3.74112e-08   2.80491e-08   3.74847e-08   2.80527e-08   4.67292e-08   9.34597e-08   

