NUISANCE_PARAMETERS
l1ptsys\_l1pt0 & $0^{+ 0.993466}_{-0.993466}$ \\
l1ptsys\_l1pt1 & $0^{+ 0.993447}_{-0.993447}$ \\
l1ptsys\_l1pt2 & $0^{+ 0.993691}_{-0.993691}$ \\
l1ptsys\_l1pt3 & $0^{+ 1}_{-1}$ \\
l1ptsys\_l1pt4 & $0^{+ 1}_{-1}$ \\
B0\_0j\_l1pt0\_bin\_0 & $1^{+ 0.415342}_{-0.415342}$ \\
B0\_0j\_l1pt0\_bin\_1 & $1^{+ 0.209195}_{-0.209195}$ \\
B0\_0j\_l1pt0\_bin\_10 & $1^{+ 0.719843}_{-0.719843}$ \\
B0\_0j\_l1pt0\_bin\_11 & $1^{+ 0.796691}_{-0.796691}$ \\
B0\_0j\_l1pt0\_bin\_12 & $1^{+ 1.09161}_{-1.09161}$ \\
B0\_0j\_l1pt0\_bin\_13 & $1^{+ 1.05741}_{-1.05741}$ \\
B0\_0j\_l1pt0\_bin\_14 & $1^{+ 1.1818}_{-1.1818}$ \\
B0\_0j\_l1pt0\_bin\_15 & $1^{+ 0.641909}_{-0.641909}$ \\
B0\_0j\_l1pt0\_bin\_16 & $1^{+ 0.779641}_{-0.779641}$ \\
B0\_0j\_l1pt0\_bin\_17 & $1^{+ 0.901404}_{-0.901404}$ \\
B0\_0j\_l1pt0\_bin\_18 & $1^{+ 1.2074}_{-1.2074}$ \\
B0\_0j\_l1pt0\_bin\_2 & $1^{+ 0.341031}_{-0.341031}$ \\
B0\_0j\_l1pt0\_bin\_3 & $1^{+ 0.442344}_{-0.442344}$ \\
B0\_0j\_l1pt0\_bin\_4 & $1^{+ 0.408952}_{-0.408952}$ \\
B0\_0j\_l1pt0\_bin\_5 & $1^{+ 0.484263}_{-0.484263}$ \\
B0\_0j\_l1pt0\_bin\_6 & $1^{+ 0.560974}_{-0.560974}$ \\
B0\_0j\_l1pt0\_bin\_7 & $1^{+ 0.587581}_{-0.587581}$ \\
B0\_0j\_l1pt0\_bin\_8 & $1^{+ 0.551707}_{-0.551707}$ \\
B0\_0j\_l1pt0\_bin\_9 & $1^{+ 0.823448}_{-0.823448}$ \\
B0\_0j\_l1pt1\_bin\_0 & $1^{+ 0.441223}_{-0.441223}$ \\
B0\_0j\_l1pt1\_bin\_1 & $1^{+ 0.168347}_{-0.168347}$ \\
B0\_0j\_l1pt1\_bin\_10 & $1^{+ 0.571276}_{-0.571276}$ \\
B0\_0j\_l1pt1\_bin\_11 & $1^{+ 0.58715}_{-0.58715}$ \\
B0\_0j\_l1pt1\_bin\_12 & $1^{+ 0.539063}_{-0.539063}$ \\
B0\_0j\_l1pt1\_bin\_13 & $1^{+ 0.71105}_{-0.71105}$ \\
B0\_0j\_l1pt1\_bin\_14 & $1^{+ 0.835348}_{-0.835348}$ \\
B0\_0j\_l1pt1\_bin\_15 & $1^{+ 0.41379}_{-0.41379}$ \\
B0\_0j\_l1pt1\_bin\_16 & $1^{+ 0.636632}_{-0.636632}$ \\
B0\_0j\_l1pt1\_bin\_17 & $1^{+ 0.594056}_{-0.594056}$ \\
B0\_0j\_l1pt1\_bin\_18 & $1^{+ 0.806731}_{-0.806731}$ \\
B0\_0j\_l1pt1\_bin\_2 & $1^{+ 0.271728}_{-0.271728}$ \\
B0\_0j\_l1pt1\_bin\_3 & $1^{+ 0.331935}_{-0.331935}$ \\
B0\_0j\_l1pt1\_bin\_4 & $1^{+ 0.2966}_{-0.2966}$ \\
B0\_0j\_l1pt1\_bin\_5 & $1^{+ 0.309323}_{-0.309323}$ \\
B0\_0j\_l1pt1\_bin\_6 & $1^{+ 0.392009}_{-0.392009}$ \\
B0\_0j\_l1pt1\_bin\_7 & $1^{+ 0.703695}_{-0.703695}$ \\
B0\_0j\_l1pt1\_bin\_8 & $1^{+ 0.393456}_{-0.393456}$ \\
B0\_0j\_l1pt1\_bin\_9 & $1^{+ 0.587397}_{-0.587397}$ \\
B0\_0j\_l1pt2\_bin\_0 & $1^{+ 0.550614}_{-0.550614}$ \\
B0\_0j\_l1pt2\_bin\_1 & $1^{+ 0.221664}_{-0.221664}$ \\
B0\_0j\_l1pt2\_bin\_10 & $1^{+ 0.634875}_{-0.634875}$ \\
B0\_0j\_l1pt2\_bin\_11 & $1^{+ 0.586649}_{-0.586649}$ \\
B0\_0j\_l1pt2\_bin\_12 & $1^{+ 0.687144}_{-0.687144}$ \\
B0\_0j\_l1pt2\_bin\_13 & $1^{+ 0.635704}_{-0.635704}$ \\
B0\_0j\_l1pt2\_bin\_14 & $1^{+ 0.796288}_{-0.796288}$ \\
B0\_0j\_l1pt2\_bin\_15 & $1^{+ 0.435658}_{-0.435658}$ \\
B0\_0j\_l1pt2\_bin\_16 & $1^{+ 0.682664}_{-0.682664}$ \\
B0\_0j\_l1pt2\_bin\_17 & $1^{+ 0.493389}_{-0.493389}$ \\
B0\_0j\_l1pt2\_bin\_18 & $1^{+ 0.92167}_{-0.92167}$ \\
B0\_0j\_l1pt2\_bin\_2 & $1^{+ 0.319091}_{-0.319091}$ \\
B0\_0j\_l1pt2\_bin\_3 & $1^{+ 0.374248}_{-0.374248}$ \\
B0\_0j\_l1pt2\_bin\_4 & $1^{+ 0.438743}_{-0.438743}$ \\
B0\_0j\_l1pt2\_bin\_5 & $1^{+ 0.405789}_{-0.405789}$ \\
B0\_0j\_l1pt2\_bin\_6 & $1^{+ 0.358676}_{-0.358676}$ \\
B0\_0j\_l1pt2\_bin\_7 & $1^{+ 0.667433}_{-0.667433}$ \\
B0\_0j\_l1pt2\_bin\_8 & $1^{+ 0.676059}_{-0.676059}$ \\
B0\_0j\_l1pt2\_bin\_9 & $1^{+ 0.665049}_{-0.665049}$ \\
B0\_0j\_l1pt3\_bin\_0 & $0.89425^{+ 0.728065}_{-0.728065}$ \\
B0\_0j\_l1pt3\_bin\_1 & $1.72502^{+ 0.337659}_{-0.337659}$ \\
B0\_0j\_l1pt3\_bin\_10 & $1.45611^{+ 0.653905}_{-0.653905}$ \\
B0\_0j\_l1pt3\_bin\_11 & $1.3214^{+ 0.583654}_{-0.583654}$ \\
B0\_0j\_l1pt3\_bin\_12 & $1.21509^{+ 0.933259}_{-0.933259}$ \\
B0\_0j\_l1pt3\_bin\_13 & $0.94024^{+ 0.68726}_{-0.68726}$ \\
B0\_0j\_l1pt3\_bin\_14 & $1.42016^{+ 0.72888}_{-0.72888}$ \\
B0\_0j\_l1pt3\_bin\_15 & $0.901208^{+ 0.414583}_{-0.414583}$ \\
B0\_0j\_l1pt3\_bin\_16 & $1.47071^{+ 0.698274}_{-0.698274}$ \\
B0\_0j\_l1pt3\_bin\_17 & $0.749285^{+ 0.499432}_{-0.499432}$ \\
B0\_0j\_l1pt3\_bin\_18 & $1.82184^{+ 1.50051}_{-1.50051}$ \\
B0\_0j\_l1pt3\_bin\_2 & $0.457882^{+ 0.202696}_{-0.202696}$ \\
B0\_0j\_l1pt3\_bin\_3 & $0.958916^{+ 0.432911}_{-0.432911}$ \\
B0\_0j\_l1pt3\_bin\_4 & $2.53469^{+ 1.04766}_{-1.04766}$ \\
B0\_0j\_l1pt3\_bin\_5 & $3.56633^{+ 1.32222}_{-1.32222}$ \\
B0\_0j\_l1pt3\_bin\_6 & $4.10588^{+ 1.33247}_{-1.33247}$ \\
B0\_0j\_l1pt3\_bin\_7 & $1.23671^{+ 0.668868}_{-0.668868}$ \\
B0\_0j\_l1pt3\_bin\_8 & $2.48004^{+ 0.888449}_{-0.888449}$ \\
B0\_0j\_l1pt3\_bin\_9 & $1.81295^{+ 0.714468}_{-0.714468}$ \\
B0\_0j\_l1pt4\_bin\_0 & $1^{+ 1}_{-1}$ \\
B0\_0j\_l1pt4\_bin\_1 & $1^{+ 1}_{-1}$ \\
B0\_0j\_l1pt4\_bin\_10 & $1^{+ 1}_{-1}$ \\
B0\_0j\_l1pt4\_bin\_11 & $1^{+ 1}_{-1}$ \\
B0\_0j\_l1pt4\_bin\_12 & $1^{+ 1}_{-1}$ \\
B0\_0j\_l1pt4\_bin\_13 & $1^{+ 1}_{-1}$ \\
B0\_0j\_l1pt4\_bin\_14 & $1^{+ 1}_{-1}$ \\
B0\_0j\_l1pt4\_bin\_15 & $1^{+ 1}_{-1}$ \\
B0\_0j\_l1pt4\_bin\_16 & $1^{+ 1}_{-1}$ \\
B0\_0j\_l1pt4\_bin\_17 & $1^{+ 1}_{-1}$ \\
B0\_0j\_l1pt4\_bin\_18 & $1^{+ 1}_{-1}$ \\
B0\_0j\_l1pt4\_bin\_2 & $1^{+ 1}_{-1}$ \\
B0\_0j\_l1pt4\_bin\_3 & $1^{+ 1}_{-1}$ \\
B0\_0j\_l1pt4\_bin\_4 & $1^{+ 1}_{-1}$ \\
B0\_0j\_l1pt4\_bin\_5 & $1^{+ 1}_{-1}$ \\
B0\_0j\_l1pt4\_bin\_6 & $1^{+ 1}_{-1}$ \\
B0\_0j\_l1pt4\_bin\_7 & $1^{+ 1}_{-1}$ \\
B0\_0j\_l1pt4\_bin\_8 & $1^{+ 1}_{-1}$ \\
B0\_0j\_l1pt4\_bin\_9 & $1^{+ 1}_{-1}$ \\


CORRELATION_MATRIX
19   19
5.21698e-09   -1.04101e-08   1.04751e-08   -5.23975e-09   5.22316e-09   -1.56154e-08   8.17693e-16   -1.04211e-08   -5.21665e-09   -1.036e-08   5.23142e-09   3.82286e-16   -5.2334e-09   -1.04384e-08   4.89338e-16   -5.23644e-09   -5.23201e-09   -5.22043e-09   1   
1.08702e-16   -1.5641e-08   -1.04925e-08   -1.57452e-08   -5.23179e-09   -5.21372e-09   -1.04609e-08   -1.04384e-08   -2.09011e-08   -5.18855e-09   -1.04801e-08   -5.22164e-09   -2.09682e-08   -5.22784e-09   1.26259e-15   -5.24509e-09   -2.09627e-08   1   -5.22043e-09   
-1.04744e-08   -2.61262e-08   -1.05157e-08   -1.57802e-08   -1.57302e-08   -1.56759e-08   -1.57262e-08   -1.04615e-08   -2.61844e-08   -1.04001e-08   -1.57551e-08   -1.04665e-08   -1.57611e-08   -1.04789e-08   -5.25785e-09   -1.05135e-08   1   -2.09627e-08   -5.23201e-09   
5.24163e-09   -1.04593e-08   1.05246e-08   -5.26451e-09   7.14423e-16   5.22971e-09   7.44407e-16   5.23518e-09   -1.04826e-08   1.04089e-08   -5.25614e-09   5.23765e-09   -1.05163e-08   6.05267e-16   -5.2623e-09   1   -1.05135e-08   -5.24509e-09   -5.23644e-09   
-7.59762e-19   -5.23076e-09   -1.05269e-08   -1.05313e-08   -5.24895e-09   -1.04616e-08   -5.2476e-09   -5.23629e-09   -1.57272e-08   -1.04111e-08   -1.05145e-08   -5.23876e-09   1.53767e-15   -1.049e-08   1   -5.2623e-09   -5.25785e-09   1.26259e-15   4.89338e-16   
-4.03203e-19   -1.56373e-08   5.245e-09   5.24719e-09   -5.23057e-09   -5.21251e-09   -1.56877e-08   6.55403e-16   -2.08962e-08   -1.03747e-08   9.58109e-16   -5.22042e-09   -1.04817e-08   1   -1.049e-08   6.05267e-16   -1.04789e-08   -5.22784e-09   -1.04384e-08   
5.23859e-09   -1.56799e-08   1.6533e-16   -1.57844e-08   -1.57344e-08   -1.04534e-08   -2.09738e-08   -1.04643e-08   -2.61913e-08   -1.56044e-08   -5.25309e-09   -1.04692e-08   1   -1.04817e-08   1.53767e-15   -1.05163e-08   -1.57611e-08   -2.09682e-08   -5.2334e-09   
1.04364e-08   -1.04125e-08   1.04776e-08   7.95913e-16   9.56579e-16   7.90436e-16   -1.0446e-08   1.04235e-08   -1.04357e-08   9.48749e-16   8.49436e-16   1   -1.04692e-08   -5.22042e-09   -5.23876e-09   5.23765e-09   -1.04665e-08   -5.22164e-09   3.82286e-16   
5.23661e-09   -1.04493e-08   1.57718e-08   -5.25947e-09   9.05467e-16   8.75089e-16   -5.24146e-09   5.23017e-09   -1.04726e-08   -1.0399e-08   1   8.49436e-16   -5.25309e-09   9.58109e-16   -1.05145e-08   -5.25614e-09   -1.57551e-08   -1.04801e-08   5.23142e-09   
1.34984e-16   -2.06931e-08   1.92029e-16   1.33493e-15   1.11316e-15   -5.17334e-09   -1.03799e-08   7.31827e-16   -1.55544e-08   1   -1.0399e-08   9.48749e-16   -1.56044e-08   -1.03747e-08   -1.04111e-08   1.04089e-08   -1.04001e-08   -5.18855e-09   -1.036e-08   
-5.22182e-09   -2.08396e-08   -1.04849e-08   -2.09785e-08   -1.0456e-08   -2.08398e-08   -2.09066e-08   -5.2154e-09   1   -1.55544e-08   -1.04726e-08   -1.04357e-08   -2.61913e-08   -2.08962e-08   -1.57272e-08   -1.04826e-08   -2.61844e-08   -2.09011e-08   -5.21665e-09   
-5.21573e-09   -5.20381e-09   5.23632e-09   -5.2385e-09   4.93184e-16   8.44513e-16   -5.22056e-09   1   -5.2154e-09   7.31827e-16   5.23017e-09   1.04235e-08   -1.04643e-08   6.55403e-16   -5.23629e-09   5.23518e-09   -1.04615e-08   -1.04384e-08   -1.04211e-08   
5.22699e-09   -1.04301e-08   2.75246e-16   -1.57494e-08   -1.04664e-08   1.41881e-15   1   -5.22056e-09   -2.09066e-08   -1.03799e-08   -5.24146e-09   -1.0446e-08   -2.09738e-08   -1.56877e-08   -5.2476e-09   7.44407e-16   -1.57262e-08   -1.04609e-08   8.17693e-16   
-5.21028e-09   -1.55951e-08   5.23084e-09   -5.23302e-09   -5.21645e-09   1   1.41881e-15   8.44513e-16   -2.08398e-08   -5.17334e-09   8.75089e-16   7.90436e-16   -1.04534e-08   -5.21251e-09   -1.04616e-08   5.22971e-09   -1.56759e-08   -5.21372e-09   -1.56154e-08   
1.5685e-08   -1.56492e-08   4.67419e-16   -5.25116e-09   1   -5.21645e-09   -1.04664e-08   4.93184e-16   -1.0456e-08   1.11316e-15   9.05467e-16   9.56579e-16   -1.57344e-08   -5.23057e-09   -5.24895e-09   7.14423e-16   -1.57302e-08   -5.23179e-09   5.22316e-09   
-5.24495e-09   -1.04659e-08   4.13939e-16   1   -5.25116e-09   -5.23302e-09   -1.57494e-08   -5.2385e-09   -2.09785e-08   1.33493e-15   -5.25947e-09   7.95913e-16   -1.57844e-08   5.24719e-09   -1.05313e-08   -5.26451e-09   -1.57802e-08   -1.57452e-08   -5.23975e-09   
5.24276e-09   1.22359e-18   1   4.13939e-16   4.67419e-16   5.23084e-09   2.75246e-16   5.23632e-09   -1.04849e-08   1.92029e-16   1.57718e-08   1.04776e-08   1.6533e-16   5.245e-09   -1.05269e-08   1.05246e-08   -1.05157e-08   -1.04925e-08   1.04751e-08   
-5.21022e-09   1   1.22359e-18   -1.04659e-08   -1.56492e-08   -1.55951e-08   -1.04301e-08   -5.20381e-09   -2.08396e-08   -2.06931e-08   -1.04493e-08   -1.04125e-08   -1.56799e-08   -1.56373e-08   -5.23076e-09   -1.04593e-08   -2.61262e-08   -1.5641e-08   -1.04101e-08   
1   -5.21022e-09   5.24276e-09   -5.24495e-09   1.5685e-08   -5.21028e-09   5.22699e-09   -5.21573e-09   -5.22182e-09   1.34984e-16   5.23661e-09   1.04364e-08   5.23859e-09   -4.03203e-19   -7.59762e-19   5.24163e-09   -1.04744e-08   1.08702e-16   5.21698e-09   

