NUISANCE_PARAMETERS
l1ptsys\_l1pt0 & $0^{+ 0.993466}_{-0.993466}$ \\
l1ptsys\_l1pt1 & $0^{+ 0.993447}_{-0.993447}$ \\
l1ptsys\_l1pt2 & $0^{+ 1}_{-1}$ \\
l1ptsys\_l1pt3 & $0^{+ 1}_{-1}$ \\
l1ptsys\_l1pt4 & $0^{+ 1}_{-1}$ \\
B0\_0j\_l1pt0\_bin\_0 & $1^{+ 0.415342}_{-0.415342}$ \\
B0\_0j\_l1pt0\_bin\_1 & $1^{+ 0.209195}_{-0.209195}$ \\
B0\_0j\_l1pt0\_bin\_10 & $1^{+ 0.719843}_{-0.719843}$ \\
B0\_0j\_l1pt0\_bin\_11 & $1^{+ 0.796691}_{-0.796691}$ \\
B0\_0j\_l1pt0\_bin\_12 & $1^{+ 1.09161}_{-1.09161}$ \\
B0\_0j\_l1pt0\_bin\_13 & $1^{+ 1.05741}_{-1.05741}$ \\
B0\_0j\_l1pt0\_bin\_14 & $1^{+ 1.1818}_{-1.1818}$ \\
B0\_0j\_l1pt0\_bin\_15 & $1^{+ 0.641909}_{-0.641909}$ \\
B0\_0j\_l1pt0\_bin\_16 & $1^{+ 0.779641}_{-0.779641}$ \\
B0\_0j\_l1pt0\_bin\_17 & $1^{+ 0.901404}_{-0.901404}$ \\
B0\_0j\_l1pt0\_bin\_18 & $1^{+ 1.2074}_{-1.2074}$ \\
B0\_0j\_l1pt0\_bin\_2 & $1^{+ 0.341031}_{-0.341031}$ \\
B0\_0j\_l1pt0\_bin\_3 & $1^{+ 0.442344}_{-0.442344}$ \\
B0\_0j\_l1pt0\_bin\_4 & $1^{+ 0.408952}_{-0.408952}$ \\
B0\_0j\_l1pt0\_bin\_5 & $1^{+ 0.484263}_{-0.484263}$ \\
B0\_0j\_l1pt0\_bin\_6 & $1^{+ 0.560974}_{-0.560974}$ \\
B0\_0j\_l1pt0\_bin\_7 & $1^{+ 0.587581}_{-0.587581}$ \\
B0\_0j\_l1pt0\_bin\_8 & $1^{+ 0.551707}_{-0.551707}$ \\
B0\_0j\_l1pt0\_bin\_9 & $1^{+ 0.823448}_{-0.823448}$ \\
B0\_0j\_l1pt1\_bin\_0 & $1^{+ 0.441223}_{-0.441223}$ \\
B0\_0j\_l1pt1\_bin\_1 & $1^{+ 0.168347}_{-0.168347}$ \\
B0\_0j\_l1pt1\_bin\_10 & $1^{+ 0.571276}_{-0.571276}$ \\
B0\_0j\_l1pt1\_bin\_11 & $1^{+ 0.58715}_{-0.58715}$ \\
B0\_0j\_l1pt1\_bin\_12 & $1^{+ 0.539063}_{-0.539063}$ \\
B0\_0j\_l1pt1\_bin\_13 & $1^{+ 0.71105}_{-0.71105}$ \\
B0\_0j\_l1pt1\_bin\_14 & $1^{+ 0.835348}_{-0.835348}$ \\
B0\_0j\_l1pt1\_bin\_15 & $1^{+ 0.41379}_{-0.41379}$ \\
B0\_0j\_l1pt1\_bin\_16 & $1^{+ 0.636632}_{-0.636632}$ \\
B0\_0j\_l1pt1\_bin\_17 & $1^{+ 0.594056}_{-0.594056}$ \\
B0\_0j\_l1pt1\_bin\_18 & $1^{+ 0.806731}_{-0.806731}$ \\
B0\_0j\_l1pt1\_bin\_2 & $1^{+ 0.271728}_{-0.271728}$ \\
B0\_0j\_l1pt1\_bin\_3 & $1^{+ 0.331935}_{-0.331935}$ \\
B0\_0j\_l1pt1\_bin\_4 & $1^{+ 0.2966}_{-0.2966}$ \\
B0\_0j\_l1pt1\_bin\_5 & $1^{+ 0.309323}_{-0.309323}$ \\
B0\_0j\_l1pt1\_bin\_6 & $1^{+ 0.392009}_{-0.392009}$ \\
B0\_0j\_l1pt1\_bin\_7 & $1^{+ 0.703695}_{-0.703695}$ \\
B0\_0j\_l1pt1\_bin\_8 & $1^{+ 0.393456}_{-0.393456}$ \\
B0\_0j\_l1pt1\_bin\_9 & $1^{+ 0.587397}_{-0.587397}$ \\
B0\_0j\_l1pt2\_bin\_0 & $0.563816^{+ 0.392392}_{-0.392392}$ \\
B0\_0j\_l1pt2\_bin\_1 & $1.16078^{+ 0.199579}_{-0.199579}$ \\
B0\_0j\_l1pt2\_bin\_10 & $1.27407^{+ 0.683822}_{-0.683822}$ \\
B0\_0j\_l1pt2\_bin\_11 & $0.723514^{+ 0.474695}_{-0.474695}$ \\
B0\_0j\_l1pt2\_bin\_12 & $1.17632^{+ 0.712853}_{-0.712853}$ \\
B0\_0j\_l1pt2\_bin\_13 & $0.811933^{+ 0.546412}_{-0.546412}$ \\
B0\_0j\_l1pt2\_bin\_14 & $1.23978^{+ 0.85104}_{-0.85104}$ \\
B0\_0j\_l1pt2\_bin\_15 & $0.686206^{+ 0.337979}_{-0.337979}$ \\
B0\_0j\_l1pt2\_bin\_16 & $1.32313^{+ 0.750929}_{-0.750929}$ \\
B0\_0j\_l1pt2\_bin\_17 & $0.493059^{+ 0.326688}_{-0.326688}$ \\
B0\_0j\_l1pt2\_bin\_18 & $1.691^{+ 1.15278}_{-1.15278}$ \\
B0\_0j\_l1pt2\_bin\_2 & $1.29062^{+ 0.328941}_{-0.328941}$ \\
B0\_0j\_l1pt2\_bin\_3 & $1.33901^{+ 0.400478}_{-0.400478}$ \\
B0\_0j\_l1pt2\_bin\_4 & $1.16656^{+ 0.44412}_{-0.44412}$ \\
B0\_0j\_l1pt2\_bin\_5 & $1.344^{+ 0.438245}_{-0.438245}$ \\
B0\_0j\_l1pt2\_bin\_6 & $0.68788^{+ 0.273833}_{-0.273833}$ \\
B0\_0j\_l1pt2\_bin\_7 & $3.03726^{+ 1.11172}_{-1.11172}$ \\
B0\_0j\_l1pt2\_bin\_8 & $4.08828^{+ 1.3065}_{-1.3065}$ \\
B0\_0j\_l1pt2\_bin\_9 & $3.04972^{+ 1.10991}_{-1.10991}$ \\
B0\_0j\_l1pt3\_bin\_0 & $1^{+ 1}_{-1}$ \\
B0\_0j\_l1pt3\_bin\_1 & $1^{+ 1}_{-1}$ \\
B0\_0j\_l1pt3\_bin\_10 & $1^{+ 1}_{-1}$ \\
B0\_0j\_l1pt3\_bin\_11 & $1^{+ 1}_{-1}$ \\
B0\_0j\_l1pt3\_bin\_12 & $1^{+ 1}_{-1}$ \\
B0\_0j\_l1pt3\_bin\_13 & $1^{+ 1}_{-1}$ \\
B0\_0j\_l1pt3\_bin\_14 & $1^{+ 1}_{-1}$ \\
B0\_0j\_l1pt3\_bin\_15 & $1^{+ 1}_{-1}$ \\
B0\_0j\_l1pt3\_bin\_16 & $1^{+ 1}_{-1}$ \\
B0\_0j\_l1pt3\_bin\_17 & $1^{+ 1}_{-1}$ \\
B0\_0j\_l1pt3\_bin\_18 & $1^{+ 1}_{-1}$ \\
B0\_0j\_l1pt3\_bin\_2 & $1^{+ 1}_{-1}$ \\
B0\_0j\_l1pt3\_bin\_3 & $1^{+ 1}_{-1}$ \\
B0\_0j\_l1pt3\_bin\_4 & $1^{+ 1}_{-1}$ \\
B0\_0j\_l1pt3\_bin\_5 & $1^{+ 1}_{-1}$ \\
B0\_0j\_l1pt3\_bin\_6 & $1^{+ 1}_{-1}$ \\
B0\_0j\_l1pt3\_bin\_7 & $1^{+ 1}_{-1}$ \\
B0\_0j\_l1pt3\_bin\_8 & $1^{+ 1}_{-1}$ \\
B0\_0j\_l1pt3\_bin\_9 & $1^{+ 1}_{-1}$ \\
B0\_0j\_l1pt4\_bin\_0 & $1^{+ 1}_{-1}$ \\
B0\_0j\_l1pt4\_bin\_1 & $1^{+ 1}_{-1}$ \\
B0\_0j\_l1pt4\_bin\_10 & $1^{+ 1}_{-1}$ \\
B0\_0j\_l1pt4\_bin\_11 & $1^{+ 1}_{-1}$ \\
B0\_0j\_l1pt4\_bin\_12 & $1^{+ 1}_{-1}$ \\
B0\_0j\_l1pt4\_bin\_13 & $1^{+ 1}_{-1}$ \\
B0\_0j\_l1pt4\_bin\_14 & $1^{+ 1}_{-1}$ \\
B0\_0j\_l1pt4\_bin\_15 & $1^{+ 1}_{-1}$ \\
B0\_0j\_l1pt4\_bin\_16 & $1^{+ 1}_{-1}$ \\
B0\_0j\_l1pt4\_bin\_17 & $1^{+ 1}_{-1}$ \\
B0\_0j\_l1pt4\_bin\_18 & $1^{+ 1}_{-1}$ \\
B0\_0j\_l1pt4\_bin\_2 & $1^{+ 1}_{-1}$ \\
B0\_0j\_l1pt4\_bin\_3 & $1^{+ 1}_{-1}$ \\
B0\_0j\_l1pt4\_bin\_4 & $1^{+ 1}_{-1}$ \\
B0\_0j\_l1pt4\_bin\_5 & $1^{+ 1}_{-1}$ \\
B0\_0j\_l1pt4\_bin\_6 & $1^{+ 1}_{-1}$ \\
B0\_0j\_l1pt4\_bin\_7 & $1^{+ 1}_{-1}$ \\
B0\_0j\_l1pt4\_bin\_8 & $1^{+ 1}_{-1}$ \\
B0\_0j\_l1pt4\_bin\_9 & $1^{+ 1}_{-1}$ \\


CORRELATION_MATRIX
19   19
1.33061e-08   2.00271e-08   1.99588e-08   -1.59872e-15   1.33378e-08   -2.1813e-16   6.6689e-09   6.66888e-09   1.3329e-08   1.24567e-15   6.66891e-09   4.67252e-08   6.66869e-09   1.33371e-08   6.66821e-09   1.20202e-15   1.33377e-08   3.73619e-15   1   
-6.64672e-09   6.66934e-09   1.32932e-08   -6.66857e-09   6.66254e-09   1.33235e-08   -1.99876e-08   1.33251e-08   1.73333e-15   -6.64378e-09   6.66256e-09   5.33493e-08   1.9987e-08   3.33109e-08   1.33237e-08   6.66646e-09   1.3325e-08   1   3.73619e-15   
1.1967e-15   1.06771e-15   1.32947e-08   -1.7635e-16   2.66532e-08   -2.19861e-16   -6.66332e-09   -6.65262e-16   1.33178e-08   9.76169e-16   -1.33267e-08   1.33389e-08   1.4211e-15   2.66518e-08   3.12045e-16   2.00017e-08   1   1.3325e-08   1.33377e-08   
1.99661e-15   -1.33482e-08   2.26136e-15   -1.33466e-08   2.4005e-15   -1.3333e-08   -2.00019e-08   -2.00018e-08   1.33258e-08   2.52766e-15   -6.6673e-09   2.66937e-08   1.82341e-15   1.33339e-08   -1.33332e-08   1   2.00017e-08   6.66646e-09   1.20202e-15   
-6.64687e-09   2.84599e-15   -1.32935e-08   -2.66749e-08   -1.33254e-08   -2.66477e-08   -1.99881e-08   -6.66267e-09   8.8959e-16   2.70215e-15   -1.33254e-08   2.66753e-08   -6.66248e-09   6.66233e-09   1   -1.33332e-08   3.12045e-16   1.33237e-08   6.66821e-09   
1.32944e-08   6.6698e-09   1.68552e-15   -6.20513e-16   6.66301e-09   7.55664e-16   -8.41257e-16   -6.663e-09   6.65862e-09   1.32885e-08   -1.33261e-08   2.66766e-08   6.66281e-09   1   6.66233e-09   1.33339e-08   2.66518e-08   3.33109e-08   1.33371e-08   
1.32947e-08   -2.00099e-08   6.6472e-09   3.57316e-16   6.66316e-09   -6.66239e-09   7.5736e-16   -6.66315e-09   6.65876e-09   1.64145e-15   -6.66318e-09   3.33464e-08   1   6.66281e-09   -6.66248e-09   1.82341e-15   1.4211e-15   1.9987e-08   6.66869e-09   
3.32683e-08   3.33815e-08   1.3307e-08   -4.21953e-15   3.33474e-08   2.66749e-08   2.00085e-08   -3.19443e-15   2.66604e-08   3.99043e-08   -3.50515e-15   1   3.33464e-08   2.66766e-08   2.66753e-08   2.66937e-08   1.33389e-08   5.33493e-08   4.67252e-08   
4.88394e-16   -1.33404e-08   -2.65897e-08   -2.00082e-08   -1.99901e-08   -1.33252e-08   -1.33268e-08   -1.99901e-08   4.61865e-17   -1.99339e-08   1   -3.50515e-15   -6.66318e-09   -1.33261e-08   -1.33254e-08   -6.6673e-09   -1.33267e-08   6.66256e-09   6.66891e-09   
2.16719e-15   -6.65138e-09   -1.98861e-08   -1.99519e-08   1.95178e-15   -6.64384e-09   -1.32892e-08   -1.99338e-08   6.64022e-09   1   -1.99339e-08   3.99043e-08   1.64145e-15   1.32885e-08   2.70215e-15   2.52766e-15   9.76169e-16   -6.64378e-09   1.24567e-15   
1.99295e-08   -6.66576e-09   6.64302e-09   4.66035e-17   -6.65896e-09   -6.6582e-09   -6.65897e-09   -1.33179e-08   1   6.64022e-09   4.61865e-17   2.66604e-08   6.65876e-09   6.65862e-09   8.8959e-16   1.33258e-08   1.33178e-08   1.73333e-15   1.3329e-08   
-6.64754e-09   -2.00104e-08   -1.32948e-08   -2.00082e-08   -1.33267e-08   -6.66258e-09   -1.33267e-08   1   -1.33179e-08   -1.99338e-08   -1.99901e-08   -3.19443e-15   -6.66315e-09   -6.663e-09   -6.66267e-09   -2.00018e-08   -6.65262e-16   1.33251e-08   6.66888e-09   
-6.64755e-09   -1.33403e-08   -6.64741e-09   -4.00164e-08   -1.33267e-08   -1.99878e-08   1   -1.33267e-08   -6.65897e-09   -1.32892e-08   -1.33268e-08   2.00085e-08   7.5736e-16   -8.41257e-16   -1.99881e-08   -2.00019e-08   -6.66332e-09   -1.99876e-08   6.6689e-09   
6.64678e-09   -1.33388e-08   -2.65865e-08   -6.66862e-09   -1.33252e-08   1   -1.99878e-08   -6.66258e-09   -6.6582e-09   -6.64384e-09   -1.33252e-08   2.66749e-08   -6.66239e-09   7.55664e-16   -2.66477e-08   -1.3333e-08   -2.19861e-16   1.33235e-08   -2.1813e-16   
1.2867e-15   6.67016e-09   1.32948e-08   1.1569e-15   1   -1.33252e-08   -1.33267e-08   -1.33267e-08   -6.65896e-09   1.95178e-15   -1.99901e-08   3.33474e-08   6.66316e-09   6.66301e-09   -1.33254e-08   2.4005e-15   2.66532e-08   6.66254e-09   1.33378e-08   
-6.65356e-09   -1.33524e-08   -2.66137e-08   1   1.1569e-15   -6.66862e-09   -4.00164e-08   -2.00082e-08   4.66035e-17   -1.99519e-08   -2.00082e-08   -4.21953e-15   3.57316e-16   -6.20513e-16   -2.66749e-08   -1.33466e-08   -1.7635e-16   -6.66857e-09   -1.59872e-15   
1.06197e-15   2.39566e-15   1   -2.66137e-08   1.32948e-08   -2.65865e-08   -6.64741e-09   -1.32948e-08   6.64302e-09   -1.98861e-08   -2.65897e-08   1.3307e-08   6.6472e-09   1.68552e-15   -1.32935e-08   2.26136e-15   1.32947e-08   1.32932e-08   1.99588e-08   
-2.66173e-08   1   2.39566e-15   -1.33524e-08   6.67016e-09   -1.33388e-08   -1.33403e-08   -2.00104e-08   -6.66576e-09   -6.65138e-09   -1.33404e-08   3.33815e-08   -2.00099e-08   6.6698e-09   2.84599e-15   -1.33482e-08   1.06771e-15   6.66934e-09   2.00271e-08   
1   -2.66173e-08   1.06197e-15   -6.65356e-09   1.2867e-15   6.64678e-09   -6.64755e-09   -6.64754e-09   1.99295e-08   2.16719e-15   4.88394e-16   3.32683e-08   1.32947e-08   1.32944e-08   -6.64687e-09   1.99661e-15   1.1967e-15   -6.64672e-09   1.33061e-08   

