NUISANCE_PARAMETERS
l1ptsys\_l1pt0 & $0^{+ 0.993483}_{-0.993483}$ \\
l1ptsys\_l1pt1 & $0^{+ 0.993457}_{-0.993457}$ \\
l1ptsys\_l1pt2 & $0^{+ 1}_{-1}$ \\
l1ptsys\_l1pt3 & $0^{+ 1}_{-1}$ \\
l1ptsys\_l1pt4 & $0^{+ 1}_{-1}$ \\
B0\_0j\_l1pt0\_bin\_0 & $1^{+ 0.60663}_{-0.60663}$ \\
B0\_0j\_l1pt0\_bin\_1 & $1^{+ 0.477332}_{-0.477332}$ \\
B0\_0j\_l1pt0\_bin\_10 & $1^{+ 0.79583}_{-0.79583}$ \\
B0\_0j\_l1pt0\_bin\_11 & $1^{+ 1.09043}_{-1.09043}$ \\
B0\_0j\_l1pt0\_bin\_12 & $1^{+ 1.05626}_{-1.05626}$ \\
B0\_0j\_l1pt0\_bin\_13 & $1^{+ 1.18052}_{-1.18052}$ \\
B0\_0j\_l1pt0\_bin\_14 & $1^{+ 0.641215}_{-0.641215}$ \\
B0\_0j\_l1pt0\_bin\_15 & $1^{+ 0.778798}_{-0.778798}$ \\
B0\_0j\_l1pt0\_bin\_16 & $1^{+ 0.900429}_{-0.900429}$ \\
B0\_0j\_l1pt0\_bin\_17 & $1^{+ 1.2061}_{-1.2061}$ \\
B0\_0j\_l1pt0\_bin\_18 & $1^{+ 203.548}_{-203.548}$ \\
B0\_0j\_l1pt0\_bin\_2 & $1^{+ 0.414894}_{-0.414894}$ \\
B0\_0j\_l1pt0\_bin\_3 & $1^{+ 0.208972}_{-0.208972}$ \\
B0\_0j\_l1pt0\_bin\_4 & $1^{+ 0.28009}_{-0.28009}$ \\
B0\_0j\_l1pt0\_bin\_5 & $1^{+ 0.321437}_{-0.321437}$ \\
B0\_0j\_l1pt0\_bin\_6 & $1^{+ 0.412748}_{-0.412748}$ \\
B0\_0j\_l1pt0\_bin\_7 & $1^{+ 0.551111}_{-0.551111}$ \\
B0\_0j\_l1pt0\_bin\_8 & $1^{+ 0.822558}_{-0.822558}$ \\
B0\_0j\_l1pt0\_bin\_9 & $1^{+ 0.719065}_{-0.719065}$ \\
B0\_0j\_l1pt1\_bin\_0 & $1^{+ 1.00041}_{-1.00041}$ \\
B0\_0j\_l1pt1\_bin\_1 & $1^{+ 0.45315}_{-0.45315}$ \\
B0\_0j\_l1pt1\_bin\_10 & $1^{+ 0.587761}_{-0.587761}$ \\
B0\_0j\_l1pt1\_bin\_11 & $1^{+ 0.539646}_{-0.539646}$ \\
B0\_0j\_l1pt1\_bin\_12 & $1^{+ 0.711742}_{-0.711742}$ \\
B0\_0j\_l1pt1\_bin\_13 & $1^{+ 0.836126}_{-0.836126}$ \\
B0\_0j\_l1pt1\_bin\_14 & $1^{+ 0.414313}_{-0.414313}$ \\
B0\_0j\_l1pt1\_bin\_15 & $1^{+ 0.637275}_{-0.637275}$ \\
B0\_0j\_l1pt1\_bin\_16 & $1^{+ 0.594672}_{-0.594672}$ \\
B0\_0j\_l1pt1\_bin\_17 & $1^{+ 0.807488}_{-0.807488}$ \\
B0\_0j\_l1pt1\_bin\_18 & $1^{+ 209.19}_{-209.19}$ \\
B0\_0j\_l1pt1\_bin\_2 & $1^{+ 0.441757}_{-0.441757}$ \\
B0\_0j\_l1pt1\_bin\_3 & $1^{+ 0.168934}_{-0.168934}$ \\
B0\_0j\_l1pt1\_bin\_4 & $1^{+ 0.220166}_{-0.220166}$ \\
B0\_0j\_l1pt1\_bin\_5 & $1^{+ 0.224212}_{-0.224212}$ \\
B0\_0j\_l1pt1\_bin\_6 & $1^{+ 0.34734}_{-0.34734}$ \\
B0\_0j\_l1pt1\_bin\_7 & $1^{+ 0.393972}_{-0.393972}$ \\
B0\_0j\_l1pt1\_bin\_8 & $1^{+ 0.588009}_{-0.588009}$ \\
B0\_0j\_l1pt1\_bin\_9 & $1^{+ 0.571878}_{-0.571878}$ \\
B0\_0j\_l1pt2\_bin\_0 & $0.406973^{+ 76.237}_{-76.237}$ \\
B0\_0j\_l1pt2\_bin\_1 & $1.18504^{+ 0.879515}_{-0.879515}$ \\
B0\_0j\_l1pt2\_bin\_10 & $19.5656^{+ 2.4675}_{-2.4675}$ \\
B0\_0j\_l1pt2\_bin\_11 & $12.2958^{+ 2.30422}_{-2.30422}$ \\
B0\_0j\_l1pt2\_bin\_12 & $6.74548^{+ 1.5748}_{-1.5748}$ \\
B0\_0j\_l1pt2\_bin\_13 & $1.35107^{+ 0.888546}_{-0.888546}$ \\
B0\_0j\_l1pt2\_bin\_14 & $1.60364^{+ 0.51673}_{-0.51673}$ \\
B0\_0j\_l1pt2\_bin\_15 & $1.32419^{+ 0.751368}_{-0.751368}$ \\
B0\_0j\_l1pt2\_bin\_16 & $0.495086^{+ 0.327687}_{-0.327687}$ \\
B0\_0j\_l1pt2\_bin\_17 & $1.69187^{+ 1.1532}_{-1.1532}$ \\
B0\_0j\_l1pt2\_bin\_18 & $1.38318^{+ 600.259}_{-600.259}$ \\
B0\_0j\_l1pt2\_bin\_2 & $4.21815^{+ 1.07318}_{-1.07318}$ \\
B0\_0j\_l1pt2\_bin\_3 & $1.53503^{+ 0.229464}_{-0.229464}$ \\
B0\_0j\_l1pt2\_bin\_4 & $6.27526^{+ 0.556267}_{-0.556267}$ \\
B0\_0j\_l1pt2\_bin\_5 & $19.2255^{+ 1.22022}_{-1.22022}$ \\
B0\_0j\_l1pt2\_bin\_6 & $29.2694^{+ 1.58639}_{-1.58639}$ \\
B0\_0j\_l1pt2\_bin\_7 & $121.542^{+ 7.12489}_{-7.12489}$ \\
B0\_0j\_l1pt2\_bin\_8 & $97.0882^{+ 6.26095}_{-6.26095}$ \\
B0\_0j\_l1pt2\_bin\_9 & $39.1828^{+ 3.79152}_{-3.79152}$ \\
B0\_0j\_l1pt3\_bin\_0 & $1^{+ 1}_{-1}$ \\
B0\_0j\_l1pt3\_bin\_1 & $1^{+ 1}_{-1}$ \\
B0\_0j\_l1pt3\_bin\_10 & $1^{+ 1}_{-1}$ \\
B0\_0j\_l1pt3\_bin\_11 & $1^{+ 1}_{-1}$ \\
B0\_0j\_l1pt3\_bin\_12 & $1^{+ 1}_{-1}$ \\
B0\_0j\_l1pt3\_bin\_13 & $1^{+ 1}_{-1}$ \\
B0\_0j\_l1pt3\_bin\_14 & $1^{+ 1}_{-1}$ \\
B0\_0j\_l1pt3\_bin\_15 & $1^{+ 1}_{-1}$ \\
B0\_0j\_l1pt3\_bin\_16 & $1^{+ 1}_{-1}$ \\
B0\_0j\_l1pt3\_bin\_17 & $1^{+ 1}_{-1}$ \\
B0\_0j\_l1pt3\_bin\_18 & $1^{+ 1}_{-1}$ \\
B0\_0j\_l1pt3\_bin\_2 & $1^{+ 1}_{-1}$ \\
B0\_0j\_l1pt3\_bin\_3 & $1^{+ 1}_{-1}$ \\
B0\_0j\_l1pt3\_bin\_4 & $1^{+ 1}_{-1}$ \\
B0\_0j\_l1pt3\_bin\_5 & $1^{+ 1}_{-1}$ \\
B0\_0j\_l1pt3\_bin\_6 & $1^{+ 1}_{-1}$ \\
B0\_0j\_l1pt3\_bin\_7 & $1^{+ 1}_{-1}$ \\
B0\_0j\_l1pt3\_bin\_8 & $1^{+ 1}_{-1}$ \\
B0\_0j\_l1pt3\_bin\_9 & $1^{+ 1}_{-1}$ \\
B0\_0j\_l1pt4\_bin\_0 & $1^{+ 1}_{-1}$ \\
B0\_0j\_l1pt4\_bin\_1 & $1^{+ 1}_{-1}$ \\
B0\_0j\_l1pt4\_bin\_10 & $1^{+ 1}_{-1}$ \\
B0\_0j\_l1pt4\_bin\_11 & $1^{+ 1}_{-1}$ \\
B0\_0j\_l1pt4\_bin\_12 & $1^{+ 1}_{-1}$ \\
B0\_0j\_l1pt4\_bin\_13 & $1^{+ 1}_{-1}$ \\
B0\_0j\_l1pt4\_bin\_14 & $1^{+ 1}_{-1}$ \\
B0\_0j\_l1pt4\_bin\_15 & $1^{+ 1}_{-1}$ \\
B0\_0j\_l1pt4\_bin\_16 & $1^{+ 1}_{-1}$ \\
B0\_0j\_l1pt4\_bin\_17 & $1^{+ 1}_{-1}$ \\
B0\_0j\_l1pt4\_bin\_18 & $1^{+ 1}_{-1}$ \\
B0\_0j\_l1pt4\_bin\_2 & $1^{+ 1}_{-1}$ \\
B0\_0j\_l1pt4\_bin\_3 & $1^{+ 1}_{-1}$ \\
B0\_0j\_l1pt4\_bin\_4 & $1^{+ 1}_{-1}$ \\
B0\_0j\_l1pt4\_bin\_5 & $1^{+ 1}_{-1}$ \\
B0\_0j\_l1pt4\_bin\_6 & $1^{+ 1}_{-1}$ \\
B0\_0j\_l1pt4\_bin\_7 & $1^{+ 1}_{-1}$ \\
B0\_0j\_l1pt4\_bin\_8 & $1^{+ 1}_{-1}$ \\
B0\_0j\_l1pt4\_bin\_9 & $1^{+ 1}_{-1}$ \\


CORRELATION_MATRIX
19   19
-1.69839e-09   -1.6979e-09   -2.26332e-09   -1.13203e-09   -1.69834e-09   -1.92831e-18   -1.69764e-09   5.65835e-10   -3.05761e-18   -1.13362e-09   1.69717e-09   -1.13019e-09   -2.2657e-09   1.64524e-18   -1.1335e-09   -1.13234e-09   -1.69845e-09   -1.13086e-09   1   
1.46118e-09   1.46076e-09   9.73606e-10   9.73927e-10   4.87046e-10   9.73931e-10   1.37252e-17   4.86807e-10   -4.14514e-10   1.95059e-09   -9.73424e-10   9.72344e-10   9.74629e-10   -9.72235e-10   9.75187e-10   4.87094e-10   1.46124e-09   1   -1.13086e-09   
1.95072e-09   1.46262e-09   1.46227e-09   1.46275e-09   1.95066e-09   1.46276e-09   1.4624e-09   -9.74854e-10   1.24512e-09   2.44134e-09   -1.94933e-09   9.73582e-10   4.87935e-10   4.86736e-10   4.88214e-10   1.95085e-09   1   1.46124e-09   -1.69845e-09   
1.46308e-09   4.87555e-10   1.94975e-09   9.75195e-10   4.87681e-10   -4.876e-10   1.84964e-17   -4.87441e-10   -4.15054e-10   9.76563e-10   -1.94938e-09   4.86805e-10   2.43975e-09   4.80356e-19   9.76457e-10   1   1.95085e-09   4.87094e-10   -1.13234e-09   
1.28686e-17   4.88056e-10   9.75874e-10   4.88098e-10   4.88181e-10   -4.881e-10   -4.8798e-10   -1.46382e-09   3.24144e-18   9.77565e-10   -1.46354e-09   4.87305e-10   1.25696e-17   -9.47027e-19   1   9.76457e-10   4.88214e-10   9.75187e-10   -1.1335e-09   
-9.73436e-10   -2.83976e-18   -1.65402e-18   3.75107e-21   -4.86704e-10   -4.86623e-10   7.17003e-19   -4.86465e-10   1.41183e-18   -2.84214e-18   4.8637e-10   -4.8583e-10   9.73943e-10   1   -9.47027e-19   4.80356e-19   4.86736e-10   -9.72235e-10   1.64524e-18   
4.87916e-10   1.46333e-09   9.75316e-10   9.75637e-10   4.87902e-10   -1.18981e-18   1.9508e-09   -4.87662e-10   4.07978e-19   1.95401e-09   -1.4627e-09   4.87026e-10   1   9.73943e-10   1.25696e-17   2.43975e-09   4.87935e-10   9.74629e-10   -2.2657e-09   
1.94709e-09   9.73266e-10   1.45955e-09   1.27313e-17   1.94703e-09   4.86677e-10   1.45967e-09   -4.86519e-10   -4.14268e-10   4.87358e-10   -9.72848e-10   1   4.87026e-10   -4.8583e-10   4.87305e-10   4.86805e-10   9.73582e-10   9.72344e-10   -1.13019e-09   
-9.74626e-10   -1.46152e-09   -1.46117e-09   -1.46165e-09   -9.74598e-10   -4.87218e-10   -1.46129e-09   -9.74119e-10   -4.14729e-10   -1.9516e-09   1   -9.72848e-10   -1.4627e-09   4.8637e-10   -1.46354e-09   -1.94938e-09   -1.94933e-09   -9.73424e-10   1.69717e-09   
1.46475e-09   1.46433e-09   1.95196e-09   9.76302e-10   1.95294e-09   2.50822e-18   1.4641e-09   9.75989e-10   4.15525e-10   1   -1.9516e-09   4.87358e-10   1.95401e-09   -2.84214e-18   9.77565e-10   9.76563e-10   2.44134e-09   1.95059e-09   -1.13362e-09   
4.15025e-10   -4.14907e-10   3.03812e-18   4.14943e-10   4.15013e-10   -8.29889e-10   -4.14843e-10   -1.24443e-09   1   4.15525e-10   -4.14729e-10   -4.14268e-10   4.07978e-19   1.41183e-18   3.24144e-18   -4.15054e-10   1.24512e-09   -4.14514e-10   -3.05761e-18   
-4.87408e-10   -4.87269e-10   -4.87151e-10   -9.74622e-10   -9.74788e-10   -9.74626e-10   -4.87194e-10   1   -1.24443e-09   9.75989e-10   -9.74119e-10   -4.86519e-10   -4.87662e-10   -4.86465e-10   -1.46382e-09   -4.87441e-10   -9.74854e-10   4.86807e-10   5.65835e-10   
4.87447e-10   4.87307e-10   4.87189e-10   9.74699e-10   1.4623e-09   -9.74704e-10   1   -4.87194e-10   -4.14843e-10   1.4641e-09   -1.46129e-09   1.45967e-09   1.9508e-09   7.17003e-19   -4.8798e-10   1.84964e-17   1.4624e-09   1.37252e-17   -1.69764e-09   
4.87567e-10   4.87427e-10   -9.74618e-10   -9.74939e-10   4.87552e-10   1   -9.74704e-10   -9.74626e-10   -8.29889e-10   2.50822e-18   -4.87218e-10   4.86677e-10   -1.18981e-18   -4.86623e-10   -4.881e-10   -4.876e-10   1.46276e-09   9.73931e-10   -1.92831e-18   
9.75295e-10   9.75016e-10   4.8739e-10   9.751e-10   1   4.87552e-10   1.4623e-09   -9.74788e-10   4.15013e-10   1.95294e-09   -9.74598e-10   1.94703e-09   4.87902e-10   -4.86704e-10   4.88181e-10   4.87681e-10   1.95066e-09   4.87046e-10   -1.69834e-09   
4.87564e-10   4.87425e-10   9.74613e-10   1   9.751e-10   -9.74939e-10   9.74699e-10   -9.74622e-10   4.14943e-10   9.76302e-10   -1.46165e-09   1.27313e-17   9.75637e-10   3.75107e-21   4.88098e-10   9.75195e-10   1.46275e-09   9.73927e-10   -1.13203e-09   
1.46221e-09   1.94906e-09   1   9.74613e-10   4.8739e-10   -9.74618e-10   4.87189e-10   -4.87151e-10   3.03812e-18   1.95196e-09   -1.46117e-09   1.45955e-09   9.75316e-10   -1.65402e-18   9.75874e-10   1.94975e-09   1.46227e-09   9.73606e-10   -2.26332e-09   
1.95009e-09   1   1.94906e-09   4.87425e-10   9.75016e-10   4.87427e-10   4.87307e-10   -4.87269e-10   -4.14907e-10   1.46433e-09   -1.46152e-09   9.73266e-10   1.46333e-09   -2.83976e-18   4.88056e-10   4.87555e-10   1.46262e-09   1.46076e-09   -1.6979e-09   
1   1.95009e-09   1.46221e-09   4.87564e-10   9.75295e-10   4.87567e-10   4.87447e-10   -4.87408e-10   4.15025e-10   1.46475e-09   -9.74626e-10   1.94709e-09   4.87916e-10   -9.73436e-10   1.28686e-17   1.46308e-09   1.95072e-09   1.46118e-09   -1.69839e-09   

