NUISANCE_PARAMETERS
l1ptsys\_l1pt0 & $0^{+ 0.993483}_{-0.993483}$ \\
l1ptsys\_l1pt1 & $0^{+ 1}_{-1}$ \\
l1ptsys\_l1pt2 & $0^{+ 1}_{-1}$ \\
l1ptsys\_l1pt3 & $0^{+ 1}_{-1}$ \\
l1ptsys\_l1pt4 & $0^{+ 1}_{-1}$ \\
B0\_0j\_l1pt0\_bin\_0 & $1^{+ 0.60663}_{-0.60663}$ \\
B0\_0j\_l1pt0\_bin\_1 & $1^{+ 0.477332}_{-0.477332}$ \\
B0\_0j\_l1pt0\_bin\_10 & $1^{+ 0.79583}_{-0.79583}$ \\
B0\_0j\_l1pt0\_bin\_11 & $1^{+ 1.09043}_{-1.09043}$ \\
B0\_0j\_l1pt0\_bin\_12 & $1^{+ 1.05626}_{-1.05626}$ \\
B0\_0j\_l1pt0\_bin\_13 & $1^{+ 1.18052}_{-1.18052}$ \\
B0\_0j\_l1pt0\_bin\_14 & $1^{+ 0.641215}_{-0.641215}$ \\
B0\_0j\_l1pt0\_bin\_15 & $1^{+ 0.778798}_{-0.778798}$ \\
B0\_0j\_l1pt0\_bin\_16 & $1^{+ 0.900429}_{-0.900429}$ \\
B0\_0j\_l1pt0\_bin\_17 & $1^{+ 1.2061}_{-1.2061}$ \\
B0\_0j\_l1pt0\_bin\_18 & $1^{+ 203.548}_{-203.548}$ \\
B0\_0j\_l1pt0\_bin\_2 & $1^{+ 0.414894}_{-0.414894}$ \\
B0\_0j\_l1pt0\_bin\_3 & $1^{+ 0.208972}_{-0.208972}$ \\
B0\_0j\_l1pt0\_bin\_4 & $1^{+ 0.28009}_{-0.28009}$ \\
B0\_0j\_l1pt0\_bin\_5 & $1^{+ 0.321437}_{-0.321437}$ \\
B0\_0j\_l1pt0\_bin\_6 & $1^{+ 0.412748}_{-0.412748}$ \\
B0\_0j\_l1pt0\_bin\_7 & $1^{+ 0.551111}_{-0.551111}$ \\
B0\_0j\_l1pt0\_bin\_8 & $1^{+ 0.822558}_{-0.822558}$ \\
B0\_0j\_l1pt0\_bin\_9 & $1^{+ 0.719065}_{-0.719065}$ \\
B0\_0j\_l1pt1\_bin\_0 & $6.27587^{+ 2.76043}_{-2.76043}$ \\
B0\_0j\_l1pt1\_bin\_1 & $0.888612^{+ 0.463061}_{-0.463061}$ \\
B0\_0j\_l1pt1\_bin\_10 & $18.0278^{+ 2.73004}_{-2.73004}$ \\
B0\_0j\_l1pt1\_bin\_11 & $10.6934^{+ 1.92554}_{-1.92554}$ \\
B0\_0j\_l1pt1\_bin\_12 & $6.1442^{+ 1.93452}_{-1.93452}$ \\
B0\_0j\_l1pt1\_bin\_13 & $7.04189^{+ 2.44473}_{-2.44473}$ \\
B0\_0j\_l1pt1\_bin\_14 & $2.33159^{+ 0.683132}_{-0.683132}$ \\
B0\_0j\_l1pt1\_bin\_15 & $1.93647^{+ 0.970094}_{-0.970094}$ \\
B0\_0j\_l1pt1\_bin\_16 & $0.729609^{+ 0.555215}_{-0.555215}$ \\
B0\_0j\_l1pt1\_bin\_17 & $0.818482^{+ 0.807123}_{-0.807123}$ \\
B0\_0j\_l1pt1\_bin\_18 & $0.872025^{+ 164.693}_{-164.693}$ \\
B0\_0j\_l1pt1\_bin\_2 & $2.9943^{+ 0.827358}_{-0.827358}$ \\
B0\_0j\_l1pt1\_bin\_3 & $1.7885^{+ 0.208993}_{-0.208993}$ \\
B0\_0j\_l1pt1\_bin\_4 & $6.5767^{+ 0.566993}_{-0.566993}$ \\
B0\_0j\_l1pt1\_bin\_5 & $13.7354^{+ 0.837369}_{-0.837369}$ \\
B0\_0j\_l1pt1\_bin\_6 & $48.436^{+ 2.576}_{-2.576}$ \\
B0\_0j\_l1pt1\_bin\_7 & $53.7484^{+ 3.11107}_{-3.11107}$ \\
B0\_0j\_l1pt1\_bin\_8 & $89.7376^{+ 6.08662}_{-6.08662}$ \\
B0\_0j\_l1pt1\_bin\_9 & $49.6462^{+ 4.39896}_{-4.39896}$ \\
B0\_0j\_l1pt2\_bin\_0 & $1^{+ 1}_{-1}$ \\
B0\_0j\_l1pt2\_bin\_1 & $1^{+ 1}_{-1}$ \\
B0\_0j\_l1pt2\_bin\_10 & $1^{+ 1}_{-1}$ \\
B0\_0j\_l1pt2\_bin\_11 & $1^{+ 1}_{-1}$ \\
B0\_0j\_l1pt2\_bin\_12 & $1^{+ 1}_{-1}$ \\
B0\_0j\_l1pt2\_bin\_13 & $1^{+ 1}_{-1}$ \\
B0\_0j\_l1pt2\_bin\_14 & $1^{+ 1}_{-1}$ \\
B0\_0j\_l1pt2\_bin\_15 & $1^{+ 1}_{-1}$ \\
B0\_0j\_l1pt2\_bin\_16 & $1^{+ 1}_{-1}$ \\
B0\_0j\_l1pt2\_bin\_17 & $1^{+ 1}_{-1}$ \\
B0\_0j\_l1pt2\_bin\_18 & $1^{+ 1}_{-1}$ \\
B0\_0j\_l1pt2\_bin\_2 & $1^{+ 1}_{-1}$ \\
B0\_0j\_l1pt2\_bin\_3 & $1^{+ 1}_{-1}$ \\
B0\_0j\_l1pt2\_bin\_4 & $1^{+ 1}_{-1}$ \\
B0\_0j\_l1pt2\_bin\_5 & $1^{+ 1}_{-1}$ \\
B0\_0j\_l1pt2\_bin\_6 & $1^{+ 1}_{-1}$ \\
B0\_0j\_l1pt2\_bin\_7 & $1^{+ 1}_{-1}$ \\
B0\_0j\_l1pt2\_bin\_8 & $1^{+ 1}_{-1}$ \\
B0\_0j\_l1pt2\_bin\_9 & $1^{+ 1}_{-1}$ \\
B0\_0j\_l1pt3\_bin\_0 & $1^{+ 1}_{-1}$ \\
B0\_0j\_l1pt3\_bin\_1 & $1^{+ 1}_{-1}$ \\
B0\_0j\_l1pt3\_bin\_10 & $1^{+ 1}_{-1}$ \\
B0\_0j\_l1pt3\_bin\_11 & $1^{+ 1}_{-1}$ \\
B0\_0j\_l1pt3\_bin\_12 & $1^{+ 1}_{-1}$ \\
B0\_0j\_l1pt3\_bin\_13 & $1^{+ 1}_{-1}$ \\
B0\_0j\_l1pt3\_bin\_14 & $1^{+ 1}_{-1}$ \\
B0\_0j\_l1pt3\_bin\_15 & $1^{+ 1}_{-1}$ \\
B0\_0j\_l1pt3\_bin\_16 & $1^{+ 1}_{-1}$ \\
B0\_0j\_l1pt3\_bin\_17 & $1^{+ 1}_{-1}$ \\
B0\_0j\_l1pt3\_bin\_18 & $1^{+ 1}_{-1}$ \\
B0\_0j\_l1pt3\_bin\_2 & $1^{+ 1}_{-1}$ \\
B0\_0j\_l1pt3\_bin\_3 & $1^{+ 1}_{-1}$ \\
B0\_0j\_l1pt3\_bin\_4 & $1^{+ 1}_{-1}$ \\
B0\_0j\_l1pt3\_bin\_5 & $1^{+ 1}_{-1}$ \\
B0\_0j\_l1pt3\_bin\_6 & $1^{+ 1}_{-1}$ \\
B0\_0j\_l1pt3\_bin\_7 & $1^{+ 1}_{-1}$ \\
B0\_0j\_l1pt3\_bin\_8 & $1^{+ 1}_{-1}$ \\
B0\_0j\_l1pt3\_bin\_9 & $1^{+ 1}_{-1}$ \\
B0\_0j\_l1pt4\_bin\_0 & $1^{+ 1}_{-1}$ \\
B0\_0j\_l1pt4\_bin\_1 & $1^{+ 1}_{-1}$ \\
B0\_0j\_l1pt4\_bin\_10 & $1^{+ 1}_{-1}$ \\
B0\_0j\_l1pt4\_bin\_11 & $1^{+ 1}_{-1}$ \\
B0\_0j\_l1pt4\_bin\_12 & $1^{+ 1}_{-1}$ \\
B0\_0j\_l1pt4\_bin\_13 & $1^{+ 1}_{-1}$ \\
B0\_0j\_l1pt4\_bin\_14 & $1^{+ 1}_{-1}$ \\
B0\_0j\_l1pt4\_bin\_15 & $1^{+ 1}_{-1}$ \\
B0\_0j\_l1pt4\_bin\_16 & $1^{+ 1}_{-1}$ \\
B0\_0j\_l1pt4\_bin\_17 & $1^{+ 1}_{-1}$ \\
B0\_0j\_l1pt4\_bin\_18 & $1^{+ 1}_{-1}$ \\
B0\_0j\_l1pt4\_bin\_2 & $1^{+ 1}_{-1}$ \\
B0\_0j\_l1pt4\_bin\_3 & $1^{+ 1}_{-1}$ \\
B0\_0j\_l1pt4\_bin\_4 & $1^{+ 1}_{-1}$ \\
B0\_0j\_l1pt4\_bin\_5 & $1^{+ 1}_{-1}$ \\
B0\_0j\_l1pt4\_bin\_6 & $1^{+ 1}_{-1}$ \\
B0\_0j\_l1pt4\_bin\_7 & $1^{+ 1}_{-1}$ \\
B0\_0j\_l1pt4\_bin\_8 & $1^{+ 1}_{-1}$ \\
B0\_0j\_l1pt4\_bin\_9 & $1^{+ 1}_{-1}$ \\


CORRELATION_MATRIX
19   19
-4.98284e-10   -9.96876e-10   4.9808e-10   -4.98361e-10   4.98383e-10   3.48152e-18   4.98433e-10   1.49238e-09   -3.72756e-10   -4.34033e-18   -6.70901e-18   6.69194e-18   3.7666e-18   5.18023e-18   -4.9785e-10   4.99834e-10   1.49726e-09   3.97533e-18   1   
5.47356e-18   -1.49624e-09   4.98389e-10   -9.9734e-10   9.97384e-10   4.98363e-10   -9.97486e-10   4.97768e-10   4.27995e-18   9.98619e-10   -4.98324e-10   7.69282e-18   -5.00219e-10   4.98837e-10   -4.98159e-10   4.73844e-18   4.99396e-10   1   3.97533e-18   
9.98984e-10   9.99293e-10   1.49786e-09   -7.75468e-18   1.99836e-09   1.49779e-09   4.99642e-10   1.496e-09   7.47319e-10   -5.0021e-10   -1.99689e-09   1.4938e-09   5.01121e-10   1.44946e-17   -3.76386e-18   5.01045e-10   1   4.99396e-10   1.49726e-09   
5.73507e-18   -1.00079e-09   1.00007e-09   2.7532e-18   1.00068e-09   5.00009e-10   5.0039e-10   1.49824e-09   4.47784e-18   -1.50534e-18   -1.49991e-09   4.98678e-10   -5.01871e-10   9.71973e-18   2.49732e-18   1   5.01045e-10   4.73844e-18   4.99834e-10   
4.08893e-18   -1.49523e-09   -2.37388e-18   -9.96663e-10   4.98353e-10   4.98025e-10   -9.96808e-10   9.9486e-10   -3.72734e-10   9.97941e-10   4.97985e-10   -9.93399e-10   -1.49964e-09   -1.4955e-09   1   2.49732e-18   -3.76386e-18   -4.98159e-10   -4.9785e-10   
9.97866e-10   -4.99088e-10   1.49619e-09   4.9901e-10   1.4971e-09   4.98703e-10   9.98166e-10   1.99243e-09   7.46483e-10   2.21537e-19   -1.49599e-09   4.97376e-10   -4.05626e-18   1   -1.4955e-09   9.71973e-18   1.44946e-17   4.98837e-10   5.18023e-18   
-1.00063e-09   -1.00094e-09   -2.02151e-18   -2.50196e-09   -5.00414e-10   -1.00017e-09   -2.00186e-09   4.99487e-10   -7.4855e-10   1.00207e-09   5.00045e-10   -1.49626e-09   1   -4.05626e-18   -1.49964e-09   -5.01871e-10   5.01121e-10   -5.00219e-10   3.7666e-18   
7.20026e-18   -9.94572e-10   4.96929e-10   -1.49163e-09   4.97231e-10   5.46847e-18   8.94913e-18   9.9262e-10   5.75577e-18   9.95694e-10   -4.96864e-10   1   -1.49626e-09   4.97376e-10   -9.93399e-10   4.98678e-10   1.4938e-09   7.69282e-18   6.69194e-18   
-4.98419e-10   -9.97147e-10   -4.98216e-10   -2.24481e-18   -1.49556e-09   4.9819e-10   -6.97089e-18   -1.99038e-09   -6.50802e-18   -4.99136e-10   1   -4.96864e-10   5.00045e-10   -1.49599e-09   4.97985e-10   -1.49991e-09   -1.99689e-09   -4.98324e-10   -6.70901e-18   
-4.87863e-18   1.99824e-09   1.59861e-18   1.99793e-09   4.99505e-10   -2.49774e-18   4.99555e-10   -4.98579e-10   -3.73595e-10   1   -4.99136e-10   9.95694e-10   1.00207e-09   2.21537e-19   9.97941e-10   -1.50534e-18   -5.0021e-10   9.98619e-10   -4.34033e-18   
3.73058e-10   -7.46348e-10   3.72906e-10   -3.73116e-10   1.1194e-09   4.28268e-18   5.59107e-18   1.11732e-09   1   -3.73595e-10   -6.50802e-18   5.75577e-18   -7.4855e-10   7.46483e-10   -3.72734e-10   4.47784e-18   7.47319e-10   4.27995e-18   -3.72756e-10   
1.49359e-09   -9.52944e-18   4.9766e-10   9.95881e-10   9.95925e-10   9.95269e-10   9.96027e-10   1   1.11732e-09   -4.98579e-10   -1.99038e-09   9.9262e-10   4.99487e-10   1.99243e-09   9.9486e-10   1.49824e-09   1.496e-09   4.97768e-10   1.49238e-09   
5.98276e-18   -9.97986e-10   -4.98635e-10   -4.98915e-10   9.97875e-10   -4.98609e-10   1   9.96027e-10   5.59107e-18   4.99555e-10   -6.97089e-18   8.94913e-18   -2.00186e-09   9.98166e-10   -9.96808e-10   5.0039e-10   4.99642e-10   -9.97486e-10   4.98433e-10   
9.96918e-10   2.59368e-19   4.73095e-18   -4.98536e-10   4.98558e-10   1   -4.98609e-10   9.95269e-10   4.28268e-18   -2.49774e-18   4.9819e-10   5.46847e-18   -1.00017e-09   4.98703e-10   4.98025e-10   5.00009e-10   1.49779e-09   4.98363e-10   3.48152e-18   
4.98787e-10   4.98942e-10   1.49575e-09   -4.98865e-10   1   4.98558e-10   9.97875e-10   9.95925e-10   1.1194e-09   4.99505e-10   -1.49556e-09   4.97231e-10   -5.00414e-10   1.4971e-09   4.98353e-10   1.00068e-09   1.99836e-09   9.97384e-10   4.98383e-10   
-4.98765e-10   -1.49676e-09   4.98562e-10   1   -4.98865e-10   -4.98536e-10   -4.98915e-10   9.95881e-10   -3.73116e-10   1.99793e-09   -2.24481e-18   -1.49163e-09   -2.50196e-09   4.9901e-10   -9.96663e-10   2.7532e-18   -7.75468e-18   -9.9734e-10   -4.98361e-10   
4.36929e-18   -1.27108e-18   1   4.98562e-10   1.49575e-09   4.73095e-18   -4.98635e-10   4.9766e-10   3.72906e-10   1.59861e-18   -4.98216e-10   4.96929e-10   -2.02151e-18   1.49619e-09   -2.37388e-18   1.00007e-09   1.49786e-09   4.98389e-10   4.9808e-10   
-9.97686e-10   1   -1.27108e-18   -1.49676e-09   4.98942e-10   2.59368e-19   -9.97986e-10   -9.52944e-18   -7.46348e-10   1.99824e-09   -9.97147e-10   -9.94572e-10   -1.00094e-09   -4.99088e-10   -1.49523e-09   -1.00079e-09   9.99293e-10   -1.49624e-09   -9.96876e-10   
1   -9.97686e-10   4.36929e-18   -4.98765e-10   4.98787e-10   9.96918e-10   5.98276e-18   1.49359e-09   3.73058e-10   -4.87863e-18   -4.98419e-10   7.20026e-18   -1.00063e-09   9.97866e-10   4.08893e-18   5.73507e-18   9.98984e-10   5.47356e-18   -4.98284e-10   

