NUISANCE_PARAMETERS
l1ptsys\_l1pt0 & $0^{+ 0.993483}_{-0.993483}$ \\
l1ptsys\_l1pt1 & $0^{+ 0.993457}_{-0.993457}$ \\
l1ptsys\_l1pt2 & $0^{+ 0.993681}_{-0.993681}$ \\
l1ptsys\_l1pt3 & $0^{+ 0.993343}_{-0.993343}$ \\
l1ptsys\_l1pt4 & $0^{+ 1}_{-1}$ \\
B0\_0j\_l1pt0\_bin\_0 & $1^{+ 0.60663}_{-0.60663}$ \\
B0\_0j\_l1pt0\_bin\_1 & $1^{+ 0.477332}_{-0.477332}$ \\
B0\_0j\_l1pt0\_bin\_10 & $1^{+ 0.79583}_{-0.79583}$ \\
B0\_0j\_l1pt0\_bin\_11 & $1^{+ 1.09043}_{-1.09043}$ \\
B0\_0j\_l1pt0\_bin\_12 & $1^{+ 1.05626}_{-1.05626}$ \\
B0\_0j\_l1pt0\_bin\_13 & $1^{+ 1.18052}_{-1.18052}$ \\
B0\_0j\_l1pt0\_bin\_14 & $1^{+ 0.641215}_{-0.641215}$ \\
B0\_0j\_l1pt0\_bin\_15 & $1^{+ 0.778798}_{-0.778798}$ \\
B0\_0j\_l1pt0\_bin\_16 & $1^{+ 0.900429}_{-0.900429}$ \\
B0\_0j\_l1pt0\_bin\_17 & $1^{+ 1.2061}_{-1.2061}$ \\
B0\_0j\_l1pt0\_bin\_18 & $1^{+ 203.548}_{-203.548}$ \\
B0\_0j\_l1pt0\_bin\_2 & $1^{+ 0.414894}_{-0.414894}$ \\
B0\_0j\_l1pt0\_bin\_3 & $1^{+ 0.208972}_{-0.208972}$ \\
B0\_0j\_l1pt0\_bin\_4 & $1^{+ 0.28009}_{-0.28009}$ \\
B0\_0j\_l1pt0\_bin\_5 & $1^{+ 0.321437}_{-0.321437}$ \\
B0\_0j\_l1pt0\_bin\_6 & $1^{+ 0.412748}_{-0.412748}$ \\
B0\_0j\_l1pt0\_bin\_7 & $1^{+ 0.551111}_{-0.551111}$ \\
B0\_0j\_l1pt0\_bin\_8 & $1^{+ 0.822558}_{-0.822558}$ \\
B0\_0j\_l1pt0\_bin\_9 & $1^{+ 0.719065}_{-0.719065}$ \\
B0\_0j\_l1pt1\_bin\_0 & $1^{+ 1.00041}_{-1.00041}$ \\
B0\_0j\_l1pt1\_bin\_1 & $1^{+ 0.45315}_{-0.45315}$ \\
B0\_0j\_l1pt1\_bin\_10 & $1^{+ 0.587761}_{-0.587761}$ \\
B0\_0j\_l1pt1\_bin\_11 & $1^{+ 0.539646}_{-0.539646}$ \\
B0\_0j\_l1pt1\_bin\_12 & $1^{+ 0.711742}_{-0.711742}$ \\
B0\_0j\_l1pt1\_bin\_13 & $1^{+ 0.836126}_{-0.836126}$ \\
B0\_0j\_l1pt1\_bin\_14 & $1^{+ 0.414313}_{-0.414313}$ \\
B0\_0j\_l1pt1\_bin\_15 & $1^{+ 0.637275}_{-0.637275}$ \\
B0\_0j\_l1pt1\_bin\_16 & $1^{+ 0.594672}_{-0.594672}$ \\
B0\_0j\_l1pt1\_bin\_17 & $1^{+ 0.807488}_{-0.807488}$ \\
B0\_0j\_l1pt1\_bin\_18 & $1^{+ 209.19}_{-209.19}$ \\
B0\_0j\_l1pt1\_bin\_2 & $1^{+ 0.441757}_{-0.441757}$ \\
B0\_0j\_l1pt1\_bin\_3 & $1^{+ 0.168934}_{-0.168934}$ \\
B0\_0j\_l1pt1\_bin\_4 & $1^{+ 0.220166}_{-0.220166}$ \\
B0\_0j\_l1pt1\_bin\_5 & $1^{+ 0.224212}_{-0.224212}$ \\
B0\_0j\_l1pt1\_bin\_6 & $1^{+ 0.34734}_{-0.34734}$ \\
B0\_0j\_l1pt1\_bin\_7 & $1^{+ 0.393972}_{-0.393972}$ \\
B0\_0j\_l1pt1\_bin\_8 & $1^{+ 0.588009}_{-0.588009}$ \\
B0\_0j\_l1pt1\_bin\_9 & $1^{+ 0.571878}_{-0.571878}$ \\
B0\_0j\_l1pt2\_bin\_0 & $1^{+ 71.2878}_{-71.2878}$ \\
B0\_0j\_l1pt2\_bin\_1 & $1^{+ 0.841776}_{-0.841776}$ \\
B0\_0j\_l1pt2\_bin\_10 & $1^{+ 0.587247}_{-0.587247}$ \\
B0\_0j\_l1pt2\_bin\_11 & $1^{+ 0.687845}_{-0.687845}$ \\
B0\_0j\_l1pt2\_bin\_12 & $1^{+ 0.636352}_{-0.636352}$ \\
B0\_0j\_l1pt2\_bin\_13 & $1^{+ 0.7971}_{-0.7971}$ \\
B0\_0j\_l1pt2\_bin\_14 & $1^{+ 0.436102}_{-0.436102}$ \\
B0\_0j\_l1pt2\_bin\_15 & $1^{+ 0.68336}_{-0.68336}$ \\
B0\_0j\_l1pt2\_bin\_16 & $1^{+ 0.493892}_{-0.493892}$ \\
B0\_0j\_l1pt2\_bin\_17 & $1^{+ 0.92261}_{-0.92261}$ \\
B0\_0j\_l1pt2\_bin\_18 & $1^{+ 604.539}_{-604.539}$ \\
B0\_0j\_l1pt2\_bin\_2 & $1^{+ 0.551175}_{-0.551175}$ \\
B0\_0j\_l1pt2\_bin\_3 & $1^{+ 0.221889}_{-0.221889}$ \\
B0\_0j\_l1pt2\_bin\_4 & $1^{+ 0.255404}_{-0.255404}$ \\
B0\_0j\_l1pt2\_bin\_5 & $1^{+ 0.308575}_{-0.308575}$ \\
B0\_0j\_l1pt2\_bin\_6 & $1^{+ 0.323016}_{-0.323016}$ \\
B0\_0j\_l1pt2\_bin\_7 & $1^{+ 0.676748}_{-0.676748}$ \\
B0\_0j\_l1pt2\_bin\_8 & $1^{+ 0.665727}_{-0.665727}$ \\
B0\_0j\_l1pt2\_bin\_9 & $1^{+ 0.635522}_{-0.635522}$ \\
B0\_0j\_l1pt3\_bin\_0 & $1^{+ 621.254}_{-621.254}$ \\
B0\_0j\_l1pt3\_bin\_1 & $1^{+ 1.64224}_{-1.64224}$ \\
B0\_0j\_l1pt3\_bin\_10 & $1^{+ 0.630556}_{-0.630556}$ \\
B0\_0j\_l1pt3\_bin\_11 & $1^{+ 1.03588}_{-1.03588}$ \\
B0\_0j\_l1pt3\_bin\_12 & $1^{+ 0.870779}_{-0.870779}$ \\
B0\_0j\_l1pt3\_bin\_13 & $1^{+ 0.754329}_{-0.754329}$ \\
B0\_0j\_l1pt3\_bin\_14 & $1^{+ 0.547039}_{-0.547039}$ \\
B0\_0j\_l1pt3\_bin\_15 & $1^{+ 0.711619}_{-0.711619}$ \\
B0\_0j\_l1pt3\_bin\_16 & $1^{+ 0.714887}_{-0.714887}$ \\
B0\_0j\_l1pt3\_bin\_17 & $1^{+ 1.35591}_{-1.35591}$ \\
B0\_0j\_l1pt3\_bin\_18 & $1^{+ 621.254}_{-621.254}$ \\
B0\_0j\_l1pt3\_bin\_2 & $1^{+ 0.944556}_{-0.944556}$ \\
B0\_0j\_l1pt3\_bin\_3 & $1^{+ 0.33971}_{-0.33971}$ \\
B0\_0j\_l1pt3\_bin\_4 & $1^{+ 0.32969}_{-0.32969}$ \\
B0\_0j\_l1pt3\_bin\_5 & $1^{+ 0.596496}_{-0.596496}$ \\
B0\_0j\_l1pt3\_bin\_6 & $1^{+ 0.555251}_{-0.555251}$ \\
B0\_0j\_l1pt3\_bin\_7 & $1^{+ 0.69687}_{-0.69687}$ \\
B0\_0j\_l1pt3\_bin\_8 & $1^{+ 0.657887}_{-0.657887}$ \\
B0\_0j\_l1pt3\_bin\_9 & $1^{+ 0.671257}_{-0.671257}$ \\
B0\_0j\_l1pt4\_bin\_0 & $0.217765^{+ 987.113}_{-987.113}$ \\
B0\_0j\_l1pt4\_bin\_1 & $47.7725^{+ 514.742}_{-514.742}$ \\
B0\_0j\_l1pt4\_bin\_10 & $5.42397^{+ 0.616839}_{-0.616839}$ \\
B0\_0j\_l1pt4\_bin\_11 & $2.91573^{+ 0.428451}_{-0.428451}$ \\
B0\_0j\_l1pt4\_bin\_12 & $1.51859^{+ 0.322431}_{-0.322431}$ \\
B0\_0j\_l1pt4\_bin\_13 & $1.35243^{+ 0.346805}_{-0.346805}$ \\
B0\_0j\_l1pt4\_bin\_14 & $1.00594^{+ 0.13944}_{-0.13944}$ \\
B0\_0j\_l1pt4\_bin\_15 & $1.11611^{+ 0.182923}_{-0.182923}$ \\
B0\_0j\_l1pt4\_bin\_16 & $1.06708^{+ 0.178685}_{-0.178685}$ \\
B0\_0j\_l1pt4\_bin\_17 & $1.13534^{+ 0.220722}_{-0.220722}$ \\
B0\_0j\_l1pt4\_bin\_18 & $0.223463^{+ 983.621}_{-983.621}$ \\
B0\_0j\_l1pt4\_bin\_2 & $0.581298^{+ 0.402274}_{-0.402274}$ \\
B0\_0j\_l1pt4\_bin\_3 & $3.3659^{+ 0.427778}_{-0.427778}$ \\
B0\_0j\_l1pt4\_bin\_4 & $8.56109^{+ 0.698477}_{-0.698477}$ \\
B0\_0j\_l1pt4\_bin\_5 & $17.4991^{+ 0.838591}_{-0.838591}$ \\
B0\_0j\_l1pt4\_bin\_6 & $28.0639^{+ 1.01616}_{-1.01616}$ \\
B0\_0j\_l1pt4\_bin\_7 & $27.1652^{+ 1.11305}_{-1.11305}$ \\
B0\_0j\_l1pt4\_bin\_8 & $17.3844^{+ 0.879705}_{-0.879705}$ \\
B0\_0j\_l1pt4\_bin\_9 & $7.14772^{+ 0.569296}_{-0.569296}$ \\


CORRELATION_MATRIX
19   19
-1.11369e-09   -3.3427e-09   -4.456e-09   -1.11409e-09   -2.22843e-09   -2.18646e-17   -2.22938e-09   4.03368e-17   3.70898e-17   -1.11438e-09   -1.11425e-09   -2.22872e-09   1.11419e-09   -3.3416e-09   -5.5691e-09   -3.34109e-09   -2.22744e-09   -5.58944e-09   1   
1.45198e-09   3.63173e-09   1.45239e-09   2.17875e-09   2.179e-09   2.17973e-09   2.90656e-09   -5.5728e-17   -4.58691e-09   2.17933e-09   2.17907e-09   2.17928e-09   2.17895e-09   3.63053e-09   3.63038e-09   3.62998e-09   2.17803e-09   1   -5.58944e-09   
-7.23283e-10   7.23636e-10   -7.23485e-10   -7.23542e-10   1.23232e-17   1.44774e-09   1.44786e-09   -7.24072e-10   -2.4045e-17   7.23734e-10   7.23647e-10   -7.23718e-10   7.23608e-10   2.1702e-09   7.23367e-10   7.23288e-10   1   2.17803e-09   -2.22744e-09   
2.23583e-17   7.23623e-10   2.85546e-17   7.23529e-10   -1.44722e-09   -1.44771e-09   3.16315e-17   -2.89623e-09   -1.14243e-09   7.2372e-10   7.23634e-10   1.44741e-09   7.23595e-10   2.17016e-09   1.44671e-09   1   7.23288e-10   3.62998e-09   -3.34109e-09   
7.23349e-10   3.61851e-09   7.23551e-10   -7.23608e-10   7.23689e-10   7.23933e-10   3.39746e-17   -7.24138e-10   -1.14256e-09   -7.23799e-10   1.44743e-09   3.13264e-17   2.17102e-09   2.17039e-09   1   1.44671e-09   7.23367e-10   3.63038e-09   -5.5691e-09   
1.29367e-17   5.06613e-09   1.44716e-09   2.17092e-09   2.17116e-09   2.17189e-09   7.24028e-10   -1.44834e-09   -3.42781e-09   2.17149e-09   2.17123e-09   3.63194e-17   7.23705e-10   1   2.17039e-09   2.17016e-09   2.1702e-09   3.63053e-09   -3.3416e-09   
-7.2359e-10   2.17183e-09   2.85851e-19   1.31997e-17   -7.2393e-10   7.24175e-10   1.06644e-17   -5.31275e-19   1.14294e-09   1.44808e-09   7.23954e-10   7.24025e-10   1   7.23705e-10   2.17102e-09   7.23595e-10   7.23608e-10   2.17895e-09   1.11419e-09   
4.59443e-18   2.17216e-09   -7.23902e-10   1.44792e-09   1.44808e-09   1.44857e-09   7.24348e-10   7.24489e-10   -9.99245e-18   1.66695e-17   1.24725e-17   1   7.24025e-10   3.63194e-17   3.13264e-17   1.44741e-09   -7.23718e-10   2.17928e-09   -2.22872e-09   
-7.23629e-10   2.17195e-09   7.23831e-10   7.23888e-10   1.58819e-17   -7.24214e-10   1.44855e-09   -1.44884e-09   -1.143e-09   7.2408e-10   1   1.24725e-17   7.23954e-10   2.17123e-09   1.44743e-09   7.23634e-10   7.23647e-10   2.17907e-09   -1.11425e-09   
7.23715e-10   2.17221e-09   1.07417e-17   7.23974e-10   7.24056e-10   7.243e-10   1.56341e-17   -8.39503e-18   1.14313e-09   1   7.2408e-10   1.66695e-17   1.44808e-09   2.17149e-09   -7.23799e-10   7.2372e-10   7.23734e-10   2.17933e-09   -1.11438e-09   
1.14242e-09   -1.14298e-09   2.28548e-09   1.14283e-09   1.14296e-09   -2.73832e-17   -2.24435e-17   2.28734e-09   1   1.14313e-09   -1.143e-09   -9.99245e-18   1.14294e-09   -3.42781e-09   -1.14256e-09   -1.14243e-09   -2.4045e-17   -4.58691e-09   3.70898e-17   
-2.89621e-09   7.24407e-10   -2.17277e-09   -1.44862e-09   -1.44879e-09   -2.89855e-09   -2.17411e-09   1   2.28734e-09   -8.39503e-18   -1.44884e-09   7.24489e-10   -5.31275e-19   -1.44834e-09   -7.24138e-10   -2.89623e-09   -7.24072e-10   -5.5728e-17   4.03368e-17   
1.56209e-17   1.44853e-09   7.24115e-10   7.24172e-10   -7.24253e-10   2.15513e-17   1   -2.17411e-09   -2.24435e-17   1.56341e-17   1.44855e-09   7.24348e-10   1.06644e-17   7.24028e-10   3.39746e-17   3.16315e-17   1.44786e-09   2.90656e-09   -2.22938e-09   
-7.23849e-10   2.17261e-09   -1.4481e-09   2.17232e-09   -2.17257e-09   1   2.15513e-17   -2.89855e-09   -2.73832e-17   7.243e-10   -7.24214e-10   1.44857e-09   7.24175e-10   2.17189e-09   7.23933e-10   -1.44771e-09   1.44774e-09   2.17973e-09   -2.18646e-17   
-2.17082e-09   7.23958e-10   2.35698e-17   -7.23864e-10   1   -2.17257e-09   -7.24253e-10   -1.44879e-09   1.14296e-09   7.24056e-10   1.58819e-17   1.44808e-09   -7.2393e-10   2.17116e-09   7.23689e-10   -1.44722e-09   1.23232e-17   2.179e-09   -2.22843e-09   
1.44705e-09   2.17163e-09   1.23124e-17   1   -7.23864e-10   2.17232e-09   7.24172e-10   -1.44862e-09   1.14283e-09   7.23974e-10   7.23888e-10   1.44792e-09   1.31997e-17   2.17092e-09   -7.23608e-10   7.23529e-10   -7.23542e-10   2.17875e-09   -1.11409e-09   
1.64988e-17   -7.2382e-10   1   1.23124e-17   2.35698e-17   -1.4481e-09   7.24115e-10   -2.17277e-09   2.28548e-09   1.07417e-17   7.23831e-10   -7.23902e-10   2.85851e-19   1.44716e-09   7.23551e-10   2.85546e-17   -7.23485e-10   1.45239e-09   -4.456e-09   
1.44724e-09   1   -7.2382e-10   2.17163e-09   7.23958e-10   2.17261e-09   1.44853e-09   7.24407e-10   -1.14298e-09   2.17221e-09   2.17195e-09   2.17216e-09   2.17183e-09   5.06613e-09   3.61851e-09   7.23623e-10   7.23636e-10   3.63173e-09   -3.3427e-09   
1   1.44724e-09   1.64988e-17   1.44705e-09   -2.17082e-09   -7.23849e-10   1.56209e-17   -2.89621e-09   1.14242e-09   7.23715e-10   -7.23629e-10   4.59443e-18   -7.2359e-10   1.29367e-17   7.23349e-10   2.23583e-17   -7.23283e-10   1.45198e-09   -1.11369e-09   

