NUISANCE_PARAMETERS
l1ptsys\_l1pt0 & $0^{+ 1}_{-1}$ \\
l1ptsys\_l1pt1 & $0^{+ 1}_{-1}$ \\
l1ptsys\_l1pt2 & $0^{+ 1}_{-1}$ \\
l1ptsys\_l1pt3 & $0^{+ 1}_{-1}$ \\
l1ptsys\_l1pt4 & $0^{+ 1}_{-1}$ \\
B0\_0j\_l1pt0\_bin\_0 & $0.847373^{+ 0.625781}_{-0.625781}$ \\
B0\_0j\_l1pt0\_bin\_1 & $0.23034^{+ 0.253885}_{-0.253885}$ \\
B0\_0j\_l1pt0\_bin\_10 & $38.191^{+ 5.56316}_{-5.56316}$ \\
B0\_0j\_l1pt0\_bin\_11 & $37.5442^{+ 7.5988}_{-7.5988}$ \\
B0\_0j\_l1pt0\_bin\_12 & $7.66587^{+ 3.32137}_{-3.32137}$ \\
B0\_0j\_l1pt0\_bin\_13 & $8.00687^{+ 3.78857}_{-3.78857}$ \\
B0\_0j\_l1pt0\_bin\_14 & $6.26601^{+ 1.80537}_{-1.80537}$ \\
B0\_0j\_l1pt0\_bin\_15 & $0.896687^{+ 0.829142}_{-0.829142}$ \\
B0\_0j\_l1pt0\_bin\_16 & $1.05168^{+ 1.04572}_{-1.04572}$ \\
B0\_0j\_l1pt0\_bin\_17 & $1.92607^{+ 1.90551}_{-1.90551}$ \\
B0\_0j\_l1pt0\_bin\_18 & $1.11661^{+ 227.434}_{-227.434}$ \\
B0\_0j\_l1pt0\_bin\_2 & $0.795395^{+ 0.407167}_{-0.407167}$ \\
B0\_0j\_l1pt0\_bin\_3 & $1.43156^{+ 0.241992}_{-0.241992}$ \\
B0\_0j\_l1pt0\_bin\_4 & $4.6391^{+ 0.632033}_{-0.632033}$ \\
B0\_0j\_l1pt0\_bin\_5 & $13.6973^{+ 1.27368}_{-1.27368}$ \\
B0\_0j\_l1pt0\_bin\_6 & $41.1474^{+ 2.90567}_{-2.90567}$ \\
B0\_0j\_l1pt0\_bin\_7 & $70.306^{+ 5.16915}_{-5.16915}$ \\
B0\_0j\_l1pt0\_bin\_8 & $98.7996^{+ 9.22736}_{-9.22736}$ \\
B0\_0j\_l1pt0\_bin\_9 & $55.1277^{+ 6.00305}_{-6.00305}$ \\
B0\_0j\_l1pt1\_bin\_0 & $1^{+ 1}_{-1}$ \\
B0\_0j\_l1pt1\_bin\_1 & $1^{+ 1}_{-1}$ \\
B0\_0j\_l1pt1\_bin\_10 & $1^{+ 1}_{-1}$ \\
B0\_0j\_l1pt1\_bin\_11 & $1^{+ 1}_{-1}$ \\
B0\_0j\_l1pt1\_bin\_12 & $1^{+ 1}_{-1}$ \\
B0\_0j\_l1pt1\_bin\_13 & $1^{+ 1}_{-1}$ \\
B0\_0j\_l1pt1\_bin\_14 & $1^{+ 1}_{-1}$ \\
B0\_0j\_l1pt1\_bin\_15 & $1^{+ 1}_{-1}$ \\
B0\_0j\_l1pt1\_bin\_16 & $1^{+ 1}_{-1}$ \\
B0\_0j\_l1pt1\_bin\_17 & $1^{+ 1}_{-1}$ \\
B0\_0j\_l1pt1\_bin\_18 & $1^{+ 1}_{-1}$ \\
B0\_0j\_l1pt1\_bin\_2 & $1^{+ 1}_{-1}$ \\
B0\_0j\_l1pt1\_bin\_3 & $1^{+ 1}_{-1}$ \\
B0\_0j\_l1pt1\_bin\_4 & $1^{+ 1}_{-1}$ \\
B0\_0j\_l1pt1\_bin\_5 & $1^{+ 1}_{-1}$ \\
B0\_0j\_l1pt1\_bin\_6 & $1^{+ 1}_{-1}$ \\
B0\_0j\_l1pt1\_bin\_7 & $1^{+ 1}_{-1}$ \\
B0\_0j\_l1pt1\_bin\_8 & $1^{+ 1}_{-1}$ \\
B0\_0j\_l1pt1\_bin\_9 & $1^{+ 1}_{-1}$ \\
B0\_0j\_l1pt2\_bin\_0 & $1^{+ 1}_{-1}$ \\
B0\_0j\_l1pt2\_bin\_1 & $1^{+ 1}_{-1}$ \\
B0\_0j\_l1pt2\_bin\_10 & $1^{+ 1}_{-1}$ \\
B0\_0j\_l1pt2\_bin\_11 & $1^{+ 1}_{-1}$ \\
B0\_0j\_l1pt2\_bin\_12 & $1^{+ 1}_{-1}$ \\
B0\_0j\_l1pt2\_bin\_13 & $1^{+ 1}_{-1}$ \\
B0\_0j\_l1pt2\_bin\_14 & $1^{+ 1}_{-1}$ \\
B0\_0j\_l1pt2\_bin\_15 & $1^{+ 1}_{-1}$ \\
B0\_0j\_l1pt2\_bin\_16 & $1^{+ 1}_{-1}$ \\
B0\_0j\_l1pt2\_bin\_17 & $1^{+ 1}_{-1}$ \\
B0\_0j\_l1pt2\_bin\_18 & $1^{+ 1}_{-1}$ \\
B0\_0j\_l1pt2\_bin\_2 & $1^{+ 1}_{-1}$ \\
B0\_0j\_l1pt2\_bin\_3 & $1^{+ 1}_{-1}$ \\
B0\_0j\_l1pt2\_bin\_4 & $1^{+ 1}_{-1}$ \\
B0\_0j\_l1pt2\_bin\_5 & $1^{+ 1}_{-1}$ \\
B0\_0j\_l1pt2\_bin\_6 & $1^{+ 1}_{-1}$ \\
B0\_0j\_l1pt2\_bin\_7 & $1^{+ 1}_{-1}$ \\
B0\_0j\_l1pt2\_bin\_8 & $1^{+ 1}_{-1}$ \\
B0\_0j\_l1pt2\_bin\_9 & $1^{+ 1}_{-1}$ \\
B0\_0j\_l1pt3\_bin\_0 & $1^{+ 1}_{-1}$ \\
B0\_0j\_l1pt3\_bin\_1 & $1^{+ 1}_{-1}$ \\
B0\_0j\_l1pt3\_bin\_10 & $1^{+ 1}_{-1}$ \\
B0\_0j\_l1pt3\_bin\_11 & $1^{+ 1}_{-1}$ \\
B0\_0j\_l1pt3\_bin\_12 & $1^{+ 1}_{-1}$ \\
B0\_0j\_l1pt3\_bin\_13 & $1^{+ 1}_{-1}$ \\
B0\_0j\_l1pt3\_bin\_14 & $1^{+ 1}_{-1}$ \\
B0\_0j\_l1pt3\_bin\_15 & $1^{+ 1}_{-1}$ \\
B0\_0j\_l1pt3\_bin\_16 & $1^{+ 1}_{-1}$ \\
B0\_0j\_l1pt3\_bin\_17 & $1^{+ 1}_{-1}$ \\
B0\_0j\_l1pt3\_bin\_18 & $1^{+ 1}_{-1}$ \\
B0\_0j\_l1pt3\_bin\_2 & $1^{+ 1}_{-1}$ \\
B0\_0j\_l1pt3\_bin\_3 & $1^{+ 1}_{-1}$ \\
B0\_0j\_l1pt3\_bin\_4 & $1^{+ 1}_{-1}$ \\
B0\_0j\_l1pt3\_bin\_5 & $1^{+ 1}_{-1}$ \\
B0\_0j\_l1pt3\_bin\_6 & $1^{+ 1}_{-1}$ \\
B0\_0j\_l1pt3\_bin\_7 & $1^{+ 1}_{-1}$ \\
B0\_0j\_l1pt3\_bin\_8 & $1^{+ 1}_{-1}$ \\
B0\_0j\_l1pt3\_bin\_9 & $1^{+ 1}_{-1}$ \\
B0\_0j\_l1pt4\_bin\_0 & $1^{+ 1}_{-1}$ \\
B0\_0j\_l1pt4\_bin\_1 & $1^{+ 1}_{-1}$ \\
B0\_0j\_l1pt4\_bin\_10 & $1^{+ 1}_{-1}$ \\
B0\_0j\_l1pt4\_bin\_11 & $1^{+ 1}_{-1}$ \\
B0\_0j\_l1pt4\_bin\_12 & $1^{+ 1}_{-1}$ \\
B0\_0j\_l1pt4\_bin\_13 & $1^{+ 1}_{-1}$ \\
B0\_0j\_l1pt4\_bin\_14 & $1^{+ 1}_{-1}$ \\
B0\_0j\_l1pt4\_bin\_15 & $1^{+ 1}_{-1}$ \\
B0\_0j\_l1pt4\_bin\_16 & $1^{+ 1}_{-1}$ \\
B0\_0j\_l1pt4\_bin\_17 & $1^{+ 1}_{-1}$ \\
B0\_0j\_l1pt4\_bin\_18 & $1^{+ 1}_{-1}$ \\
B0\_0j\_l1pt4\_bin\_2 & $1^{+ 1}_{-1}$ \\
B0\_0j\_l1pt4\_bin\_3 & $1^{+ 1}_{-1}$ \\
B0\_0j\_l1pt4\_bin\_4 & $1^{+ 1}_{-1}$ \\
B0\_0j\_l1pt4\_bin\_5 & $1^{+ 1}_{-1}$ \\
B0\_0j\_l1pt4\_bin\_6 & $1^{+ 1}_{-1}$ \\
B0\_0j\_l1pt4\_bin\_7 & $1^{+ 1}_{-1}$ \\
B0\_0j\_l1pt4\_bin\_8 & $1^{+ 1}_{-1}$ \\
B0\_0j\_l1pt4\_bin\_9 & $1^{+ 1}_{-1}$ \\


CORRELATION_MATRIX
19   19
-1.25658e-09   -4.19298e-10   7.04096e-18   -4.18927e-10   -1.2564e-09   4.19127e-10   -4.1889e-10   1.26175e-09   -1.27316e-09   -4.22844e-10   4.20375e-10   -4.15265e-10   -1.25616e-09   4.19706e-10   -4.1913e-10   -4.18881e-10   1.03254e-18   4.1968e-10   1   
-1.67822e-09   4.40449e-18   -1.25879e-09   -8.39244e-10   -1.67798e-09   8.9764e-18   -8.3917e-10   8.4256e-10   8.75592e-18   -8.47091e-10   1.24873e-18   8.31908e-10   -8.38828e-10   8.40806e-10   7.2158e-18   -1.67831e-09   1.25877e-09   1   4.1968e-10   
4.18771e-10   1.25763e-09   8.37626e-10   4.18838e-10   -4.18712e-10   2.0952e-09   -4.18802e-10   1.26148e-09   1.27289e-09   4.22755e-10   1.26086e-09   4.15178e-10   4.18631e-10   2.09809e-09   4.19042e-10   4.18793e-10   1   1.25877e-09   1.03254e-18   
-1.67503e-09   1.58005e-18   -1.25639e-09   -1.67529e-09   -1.67479e-09   -8.38048e-10   -8.37574e-10   -6.20688e-18   -8.48562e-10   -1.69096e-09   8.40543e-10   1.2026e-18   -8.37232e-10   8.39206e-10   7.20085e-18   1   4.18793e-10   -1.67831e-09   -4.18881e-10   
-8.3801e-10   4.75208e-18   -4.19047e-10   -8.38144e-10   -8.3789e-10   8.38546e-10   -8.38071e-10   8.41456e-10   4.80848e-18   6.20423e-18   8.41042e-10   2.95812e-18   -8.37729e-10   8.39704e-10   1   7.20085e-18   4.19042e-10   7.2158e-18   -4.1913e-10   
-2.2949e-18   8.40041e-10   4.19623e-10   -8.39297e-10   -8.39043e-10   8.39699e-10   -2.28825e-18   8.42614e-10   8.50233e-10   -1.61321e-18   2.5266e-09   1.55253e-18   -8.83819e-19   1   8.39704e-10   8.39206e-10   2.09809e-09   8.40806e-10   4.19706e-10   
-8.37189e-10   -8.38065e-10   -1.25591e-09   -8.37323e-10   -1.67414e-09   8.86544e-19   8.97089e-18   -6.53141e-18   7.65047e-18   -8.45152e-10   -2.64002e-18   2.24333e-18   1   -8.83819e-19   -8.37729e-10   -8.37232e-10   4.18631e-10   -8.38828e-10   -1.25616e-09   
8.55573e-19   2.26388e-18   -1.24555e-09   8.53432e-19   -8.30164e-10   8.30813e-10   -8.30343e-10   1.72855e-19   -8.41236e-10   8.3818e-10   1.22291e-18   1   2.24333e-18   1.55253e-18   2.95812e-18   1.2026e-18   4.15178e-10   8.31908e-10   -4.15265e-10   
8.405e-10   7.24062e-18   4.20292e-10   -4.05188e-18   -4.75484e-18   1.68207e-09   -4.04896e-18   8.43956e-10   2.33222e-18   -4.08218e-18   1   1.22291e-18   -2.64002e-18   2.5266e-09   8.41042e-10   8.40543e-10   1.26086e-09   1.24873e-18   4.20375e-10   
-1.69087e-09   5.34948e-19   -2.1138e-09   -8.4557e-10   -8.45314e-10   -8.45976e-10   -1.69099e-09   8.48912e-10   -8.56589e-10   1   -4.08218e-18   8.3818e-10   -8.45152e-10   -1.61321e-18   6.20423e-18   -1.69096e-09   4.22755e-10   -8.47091e-10   -4.22844e-10   
-8.48518e-10   4.81052e-18   -4.24301e-10   5.52485e-18   -1.69679e-09   5.18994e-18   6.23329e-18   8.52007e-10   1   -8.56589e-10   2.33222e-18   -8.41236e-10   7.65047e-18   8.50233e-10   4.80848e-18   -8.48562e-10   1.27289e-09   8.75592e-18   -1.27316e-09   
-6.56325e-18   8.41793e-10   4.20499e-10   8.41048e-10   8.40793e-10   8.41451e-10   -5.84153e-18   1   8.52007e-10   8.48912e-10   8.43956e-10   1.72855e-19   -6.53141e-18   8.42614e-10   8.41456e-10   -6.20688e-18   1.26148e-09   8.4256e-10   1.26175e-09   
-1.67506e-09   -1.75828e-19   -1.25642e-09   -8.37664e-10   -8.37411e-10   1.61701e-18   1   -5.84153e-18   6.23329e-18   -1.69099e-09   -4.04896e-18   -8.30343e-10   8.97089e-18   -2.28825e-18   -8.38071e-10   -8.37574e-10   -4.18802e-10   -8.3917e-10   -4.1889e-10   
-8.38005e-10   1.67776e-09   -4.19044e-10   2.99883e-18   -1.90547e-18   1   1.61701e-18   8.41451e-10   5.18994e-18   -8.45976e-10   1.68207e-09   8.30813e-10   8.86544e-19   8.39699e-10   8.38546e-10   -8.38048e-10   2.0952e-09   8.9764e-18   4.19127e-10   
1.46278e-17   -8.38226e-10   -4.18717e-10   -8.37484e-10   1   -1.90547e-18   -8.37411e-10   8.40793e-10   -1.69679e-09   -8.45314e-10   -4.75484e-18   -8.30164e-10   -1.67414e-09   -8.39043e-10   -8.3789e-10   -1.67479e-09   -4.18712e-10   -1.67798e-09   -1.2564e-09   
-8.37604e-10   1.93349e-18   -4.18844e-10   1   -8.37484e-10   2.99883e-18   -8.37664e-10   8.41048e-10   5.52485e-18   -8.4557e-10   -4.05188e-18   8.53432e-19   -8.37323e-10   -8.39297e-10   -8.38144e-10   -1.67529e-09   4.18838e-10   -8.39244e-10   -4.18927e-10   
-1.25633e-09   4.19215e-10   1   -4.18844e-10   -4.18717e-10   -4.19044e-10   -1.25642e-09   4.20499e-10   -4.24301e-10   -2.1138e-09   4.20292e-10   -1.24555e-09   -1.25591e-09   4.19623e-10   -4.19047e-10   -1.25639e-09   8.37626e-10   -1.25879e-09   7.04096e-18   
-1.77488e-19   1   4.19215e-10   1.93349e-18   -8.38226e-10   1.67776e-09   -1.75828e-19   8.41793e-10   4.81052e-18   5.34948e-19   7.24062e-18   2.26388e-18   -8.38065e-10   8.40041e-10   4.75208e-18   1.58005e-18   1.25763e-09   4.40449e-18   -4.19298e-10   
1   -1.77488e-19   -1.25633e-09   -8.37604e-10   1.46278e-17   -8.38005e-10   -1.67506e-09   -6.56325e-18   -8.48518e-10   -1.69087e-09   8.405e-10   8.55573e-19   -8.37189e-10   -2.2949e-18   -8.3801e-10   -1.67503e-09   4.18771e-10   -1.67822e-09   -1.25658e-09   

