NUISANCE_PARAMETERS
l1ptsys\_l1pt0 & $0^{+ 0.993483}_{-0.993483}$ \\
l1ptsys\_l1pt1 & $0^{+ 0.993457}_{-0.993457}$ \\
l1ptsys\_l1pt2 & $0^{+ 0.993681}_{-0.993681}$ \\
l1ptsys\_l1pt3 & $0^{+ 1}_{-1}$ \\
l1ptsys\_l1pt4 & $0^{+ 1}_{-1}$ \\
B0\_0j\_l1pt0\_bin\_0 & $1^{+ 0.60663}_{-0.60663}$ \\
B0\_0j\_l1pt0\_bin\_1 & $1^{+ 0.477332}_{-0.477332}$ \\
B0\_0j\_l1pt0\_bin\_10 & $1^{+ 0.79583}_{-0.79583}$ \\
B0\_0j\_l1pt0\_bin\_11 & $1^{+ 1.09043}_{-1.09043}$ \\
B0\_0j\_l1pt0\_bin\_12 & $1^{+ 1.05626}_{-1.05626}$ \\
B0\_0j\_l1pt0\_bin\_13 & $1^{+ 1.18052}_{-1.18052}$ \\
B0\_0j\_l1pt0\_bin\_14 & $1^{+ 0.641215}_{-0.641215}$ \\
B0\_0j\_l1pt0\_bin\_15 & $1^{+ 0.778798}_{-0.778798}$ \\
B0\_0j\_l1pt0\_bin\_16 & $1^{+ 0.900429}_{-0.900429}$ \\
B0\_0j\_l1pt0\_bin\_17 & $1^{+ 1.2061}_{-1.2061}$ \\
B0\_0j\_l1pt0\_bin\_18 & $1^{+ 203.548}_{-203.548}$ \\
B0\_0j\_l1pt0\_bin\_2 & $1^{+ 0.414894}_{-0.414894}$ \\
B0\_0j\_l1pt0\_bin\_3 & $1^{+ 0.208972}_{-0.208972}$ \\
B0\_0j\_l1pt0\_bin\_4 & $1^{+ 0.28009}_{-0.28009}$ \\
B0\_0j\_l1pt0\_bin\_5 & $1^{+ 0.321437}_{-0.321437}$ \\
B0\_0j\_l1pt0\_bin\_6 & $1^{+ 0.412748}_{-0.412748}$ \\
B0\_0j\_l1pt0\_bin\_7 & $1^{+ 0.551111}_{-0.551111}$ \\
B0\_0j\_l1pt0\_bin\_8 & $1^{+ 0.822558}_{-0.822558}$ \\
B0\_0j\_l1pt0\_bin\_9 & $1^{+ 0.719065}_{-0.719065}$ \\
B0\_0j\_l1pt1\_bin\_0 & $1^{+ 1.00041}_{-1.00041}$ \\
B0\_0j\_l1pt1\_bin\_1 & $1^{+ 0.45315}_{-0.45315}$ \\
B0\_0j\_l1pt1\_bin\_10 & $1^{+ 0.587761}_{-0.587761}$ \\
B0\_0j\_l1pt1\_bin\_11 & $1^{+ 0.539646}_{-0.539646}$ \\
B0\_0j\_l1pt1\_bin\_12 & $1^{+ 0.711742}_{-0.711742}$ \\
B0\_0j\_l1pt1\_bin\_13 & $1^{+ 0.836126}_{-0.836126}$ \\
B0\_0j\_l1pt1\_bin\_14 & $1^{+ 0.414313}_{-0.414313}$ \\
B0\_0j\_l1pt1\_bin\_15 & $1^{+ 0.637275}_{-0.637275}$ \\
B0\_0j\_l1pt1\_bin\_16 & $1^{+ 0.594672}_{-0.594672}$ \\
B0\_0j\_l1pt1\_bin\_17 & $1^{+ 0.807488}_{-0.807488}$ \\
B0\_0j\_l1pt1\_bin\_18 & $1^{+ 209.19}_{-209.19}$ \\
B0\_0j\_l1pt1\_bin\_2 & $1^{+ 0.441757}_{-0.441757}$ \\
B0\_0j\_l1pt1\_bin\_3 & $1^{+ 0.168934}_{-0.168934}$ \\
B0\_0j\_l1pt1\_bin\_4 & $1^{+ 0.220166}_{-0.220166}$ \\
B0\_0j\_l1pt1\_bin\_5 & $1^{+ 0.224212}_{-0.224212}$ \\
B0\_0j\_l1pt1\_bin\_6 & $1^{+ 0.34734}_{-0.34734}$ \\
B0\_0j\_l1pt1\_bin\_7 & $1^{+ 0.393972}_{-0.393972}$ \\
B0\_0j\_l1pt1\_bin\_8 & $1^{+ 0.588009}_{-0.588009}$ \\
B0\_0j\_l1pt1\_bin\_9 & $1^{+ 0.571878}_{-0.571878}$ \\
B0\_0j\_l1pt2\_bin\_0 & $1^{+ 71.2878}_{-71.2878}$ \\
B0\_0j\_l1pt2\_bin\_1 & $1^{+ 0.841776}_{-0.841776}$ \\
B0\_0j\_l1pt2\_bin\_10 & $1^{+ 0.587247}_{-0.587247}$ \\
B0\_0j\_l1pt2\_bin\_11 & $1^{+ 0.687845}_{-0.687845}$ \\
B0\_0j\_l1pt2\_bin\_12 & $1^{+ 0.636352}_{-0.636352}$ \\
B0\_0j\_l1pt2\_bin\_13 & $1^{+ 0.7971}_{-0.7971}$ \\
B0\_0j\_l1pt2\_bin\_14 & $1^{+ 0.436102}_{-0.436102}$ \\
B0\_0j\_l1pt2\_bin\_15 & $1^{+ 0.68336}_{-0.68336}$ \\
B0\_0j\_l1pt2\_bin\_16 & $1^{+ 0.493892}_{-0.493892}$ \\
B0\_0j\_l1pt2\_bin\_17 & $1^{+ 0.92261}_{-0.92261}$ \\
B0\_0j\_l1pt2\_bin\_18 & $1^{+ 604.539}_{-604.539}$ \\
B0\_0j\_l1pt2\_bin\_2 & $1^{+ 0.551175}_{-0.551175}$ \\
B0\_0j\_l1pt2\_bin\_3 & $1^{+ 0.221889}_{-0.221889}$ \\
B0\_0j\_l1pt2\_bin\_4 & $1^{+ 0.255404}_{-0.255404}$ \\
B0\_0j\_l1pt2\_bin\_5 & $1^{+ 0.308575}_{-0.308575}$ \\
B0\_0j\_l1pt2\_bin\_6 & $1^{+ 0.323016}_{-0.323016}$ \\
B0\_0j\_l1pt2\_bin\_7 & $1^{+ 0.676748}_{-0.676748}$ \\
B0\_0j\_l1pt2\_bin\_8 & $1^{+ 0.665727}_{-0.665727}$ \\
B0\_0j\_l1pt2\_bin\_9 & $1^{+ 0.635522}_{-0.635522}$ \\
B0\_0j\_l1pt3\_bin\_0 & $1.66559^{+ 617.998}_{-617.998}$ \\
B0\_0j\_l1pt3\_bin\_1 & $0.0771947^{+ 0.460295}_{-0.460295}$ \\
B0\_0j\_l1pt3\_bin\_10 & $14.9921^{+ 1.96552}_{-1.96552}$ \\
B0\_0j\_l1pt3\_bin\_11 & $8.67679^{+ 2.49583}_{-2.49583}$ \\
B0\_0j\_l1pt3\_bin\_12 & $6.39279^{+ 1.78868}_{-1.78868}$ \\
B0\_0j\_l1pt3\_bin\_13 & $1.42132^{+ 0.729319}_{-0.729319}$ \\
B0\_0j\_l1pt3\_bin\_14 & $1.46584^{+ 0.529075}_{-0.529075}$ \\
B0\_0j\_l1pt3\_bin\_15 & $1.47146^{+ 0.698536}_{-0.698536}$ \\
B0\_0j\_l1pt3\_bin\_16 & $0.759449^{+ 0.504499}_{-0.504499}$ \\
B0\_0j\_l1pt3\_bin\_17 & $1.8156^{+ 1.4966}_{-1.4966}$ \\
B0\_0j\_l1pt3\_bin\_18 & $1.66565^{+ 618}_{-618}$ \\
B0\_0j\_l1pt3\_bin\_2 & $0.89585^{+ 0.729018}_{-0.729018}$ \\
B0\_0j\_l1pt3\_bin\_3 & $2.1627^{+ 0.378279}_{-0.378279}$ \\
B0\_0j\_l1pt3\_bin\_4 & $5.24695^{+ 0.568486}_{-0.568486}$ \\
B0\_0j\_l1pt3\_bin\_5 & $42.9665^{+ 3.13588}_{-3.13588}$ \\
B0\_0j\_l1pt3\_bin\_6 & $59.4341^{+ 3.42696}_{-3.42696}$ \\
B0\_0j\_l1pt3\_bin\_7 & $79.4159^{+ 5.01822}_{-5.01822}$ \\
B0\_0j\_l1pt3\_bin\_8 & $46.45^{+ 3.61472}_{-3.61472}$ \\
B0\_0j\_l1pt3\_bin\_9 & $30.5004^{+ 2.99589}_{-2.99589}$ \\
B0\_0j\_l1pt4\_bin\_0 & $1^{+ 1}_{-1}$ \\
B0\_0j\_l1pt4\_bin\_1 & $1^{+ 1}_{-1}$ \\
B0\_0j\_l1pt4\_bin\_10 & $1^{+ 1}_{-1}$ \\
B0\_0j\_l1pt4\_bin\_11 & $1^{+ 1}_{-1}$ \\
B0\_0j\_l1pt4\_bin\_12 & $1^{+ 1}_{-1}$ \\
B0\_0j\_l1pt4\_bin\_13 & $1^{+ 1}_{-1}$ \\
B0\_0j\_l1pt4\_bin\_14 & $1^{+ 1}_{-1}$ \\
B0\_0j\_l1pt4\_bin\_15 & $1^{+ 1}_{-1}$ \\
B0\_0j\_l1pt4\_bin\_16 & $1^{+ 1}_{-1}$ \\
B0\_0j\_l1pt4\_bin\_17 & $1^{+ 1}_{-1}$ \\
B0\_0j\_l1pt4\_bin\_18 & $1^{+ 1}_{-1}$ \\
B0\_0j\_l1pt4\_bin\_2 & $1^{+ 1}_{-1}$ \\
B0\_0j\_l1pt4\_bin\_3 & $1^{+ 1}_{-1}$ \\
B0\_0j\_l1pt4\_bin\_4 & $1^{+ 1}_{-1}$ \\
B0\_0j\_l1pt4\_bin\_5 & $1^{+ 1}_{-1}$ \\
B0\_0j\_l1pt4\_bin\_6 & $1^{+ 1}_{-1}$ \\
B0\_0j\_l1pt4\_bin\_7 & $1^{+ 1}_{-1}$ \\
B0\_0j\_l1pt4\_bin\_8 & $1^{+ 1}_{-1}$ \\
B0\_0j\_l1pt4\_bin\_9 & $1^{+ 1}_{-1}$ \\


CORRELATION_MATRIX
19   19
1.53546e-09   2.30301e-09   3.07052e-09   2.30223e-09   3.07114e-09   3.83948e-09   7.68237e-10   3.82885e-09   4.01078e-09   2.28819e-09   1.53291e-09   2.30194e-09   2.30205e-09   3.83813e-09   2.30143e-09   7.6825e-10   3.84042e-09   -1.558e-09   1   
1.19293e-09   -1.30564e-17   -5.96387e-10   -1.34075e-17   -5.96508e-10   -1.19319e-09   5.96859e-10   -1.18989e-09   -7.79014e-10   -1.18516e-09   -1.19094e-09   -1.33983e-17   -8.46124e-18   -1.68323e-17   -1.19202e-09   -5.54193e-18   -1.76507e-17   1   -1.558e-09   
1.76433e-09   1.17613e-09   5.88031e-10   1.76359e-09   2.3526e-09   2.35294e-09   5.88496e-10   1.17321e-09   1.5362e-09   2.33711e-09   1.76139e-09   1.76337e-09   1.76345e-09   2.35211e-09   1.76297e-09   5.88506e-10   1   -1.76507e-17   3.84042e-09   
9.74753e-18   1.22064e-17   6.98407e-18   1.76397e-09   1.64544e-17   5.88362e-10   -1.76587e-09   5.86734e-10   1.53653e-09   5.84403e-10   -5.87256e-10   5.87915e-10   5.87944e-10   5.88156e-10   5.87785e-10   1   5.88506e-10   -5.54193e-18   7.6825e-10   
1.76911e-17   1.76203e-09   -5.8731e-10   5.87142e-10   5.87429e-10   1.76254e-09   -5.87775e-10   5.85888e-10   2.30147e-09   1.75068e-09   1.52497e-17   5.87068e-10   5.87097e-10   1.76192e-09   1   5.87785e-10   1.76297e-09   -1.19202e-09   2.30143e-09   
5.87758e-10   5.87712e-10   2.41708e-17   1.17502e-09   5.87799e-10   1.76365e-09   5.88146e-10   5.86257e-10   2.30292e-09   2.91964e-09   1.17356e-09   5.87438e-10   1.7624e-09   1   1.76192e-09   5.88156e-10   2.35211e-09   -1.68323e-17   3.83813e-09   
5.87547e-10   1.83788e-17   1.46135e-17   1.1746e-09   1.76276e-09   1.17535e-09   5.87934e-10   5.86046e-10   3.71182e-17   1.75115e-09   1.27984e-17   1.76168e-09   1   1.7624e-09   5.87097e-10   5.87944e-10   1.76345e-09   -8.46124e-18   2.30205e-09   
5.87518e-10   1.17494e-09   1.84537e-17   1.76182e-09   2.35024e-09   1.17529e-09   -5.87905e-10   2.34407e-09   2.30198e-09   1.75107e-09   1.41729e-17   1   1.76168e-09   5.87438e-10   5.87068e-10   5.87915e-10   1.76337e-09   -1.33983e-17   2.30194e-09   
-5.86859e-10   5.86813e-10   1.17356e-09   1.34874e-17   5.869e-10   5.86985e-10   -5.87246e-10   5.8536e-10   2.14173e-17   1.7491e-09   1   1.41729e-17   1.27984e-17   1.17356e-09   1.52497e-17   -5.87256e-10   1.76139e-09   -1.19094e-09   1.53291e-09   
1.75202e-09   1.75189e-09   2.33572e-09   1.75129e-09   1.75215e-09   1.7524e-09   5.84393e-10   1.74755e-09   3.05097e-09   1   1.7491e-09   1.75107e-09   1.75115e-09   2.91964e-09   1.75068e-09   5.84403e-10   2.33711e-09   -1.18516e-09   2.28819e-09   
1.53549e-09   2.30306e-09   7.67644e-10   2.30227e-09   1.5356e-09   1.53582e-09   -1.15005e-19   2.29736e-09   1   3.05097e-09   2.14173e-17   2.30198e-09   3.71182e-17   2.30292e-09   2.30147e-09   1.53653e-09   1.5362e-09   -7.79014e-10   4.01078e-09   
5.86337e-10   1.17258e-09   2.27912e-17   1.17218e-09   2.34551e-09   5.86463e-10   1.5078e-19   1   2.29736e-09   1.74755e-09   5.8536e-10   2.34407e-09   5.86046e-10   5.86257e-10   5.85888e-10   5.86734e-10   1.17321e-09   -1.18989e-09   3.82885e-09   
-5.88226e-10   -5.8818e-10   -1.1763e-09   4.17432e-18   -5.88267e-10   1.76506e-09   1   1.5078e-19   -1.15005e-19   5.84393e-10   -5.87246e-10   -5.87905e-10   5.87934e-10   5.88146e-10   -5.87775e-10   -1.76587e-09   5.88496e-10   5.96859e-10   7.68237e-10   
5.87965e-10   1.17584e-09   1.17577e-09   2.93859e-09   1.76402e-09   1   1.76506e-09   5.86463e-10   1.53582e-09   1.7524e-09   5.86985e-10   1.17529e-09   1.17535e-09   1.76365e-09   1.76254e-09   5.88362e-10   2.35294e-09   -1.19319e-09   3.83948e-09   
1.76364e-09   5.87833e-10   1.1756e-09   1.7629e-09   1   1.76402e-09   -5.88267e-10   2.34551e-09   1.5356e-09   1.75215e-09   5.869e-10   2.35024e-09   1.76276e-09   5.87799e-10   5.87429e-10   1.64544e-17   2.3526e-09   -5.96508e-10   3.07114e-09   
5.87592e-10   5.87546e-10   1.91467e-17   1   1.7629e-09   2.93859e-09   4.17432e-18   1.17218e-09   2.30227e-09   1.75129e-09   1.34874e-17   1.76182e-09   1.1746e-09   1.17502e-09   5.87142e-10   1.76397e-09   1.76359e-09   -1.34075e-17   2.30223e-09   
1.30795e-17   1.60421e-17   1   1.91467e-17   1.1756e-09   1.17577e-09   -1.1763e-09   2.27912e-17   7.67644e-10   2.33572e-09   1.17356e-09   1.84537e-17   1.46135e-17   2.41708e-17   -5.8731e-10   6.98407e-18   5.88031e-10   -5.96387e-10   3.07052e-09   
5.87792e-10   1   1.60421e-17   5.87546e-10   5.87833e-10   1.17584e-09   -5.8818e-10   1.17258e-09   2.30306e-09   1.75189e-09   5.86813e-10   1.17494e-09   1.83788e-17   5.87712e-10   1.76203e-09   1.22064e-17   1.17613e-09   -1.30564e-17   2.30301e-09   
1   5.87792e-10   1.30795e-17   5.87592e-10   1.76364e-09   5.87965e-10   -5.88226e-10   5.86337e-10   1.53549e-09   1.75202e-09   -5.86859e-10   5.87518e-10   5.87547e-10   5.87758e-10   1.76911e-17   9.74753e-18   1.76433e-09   1.19293e-09   1.53546e-09   

